5.1306e-08
6.39911e-08
7.16415e-08
7.49413e-08
7.6484e-08
7.72606e-08
7.76327e-08
7.778e-08
7.778e-08
7.76327e-08
7.72606e-08
7.6484e-08
7.49413e-08
7.16415e-08
6.39911e-08
5.1306e-08
6.39911e-08
8.47379e-08
9.60146e-08
1.00129e-07
1.01883e-07
1.02756e-07
1.03179e-07
1.0335e-07
1.0335e-07
1.03179e-07
1.02756e-07
1.01883e-07
1.00129e-07
9.60146e-08
8.47379e-08
6.39911e-08
7.16415e-08
9.60146e-08
1.09163e-07
1.13918e-07
1.15927e-07
1.16928e-07
1.17419e-07
1.1762e-07
1.1762e-07
1.17419e-07
1.16928e-07
1.15927e-07
1.13918e-07
1.09163e-07
9.60146e-08
7.16415e-08
7.49413e-08
1.00129e-07
1.13918e-07
1.19088e-07
1.21335e-07
1.2247e-07
1.23033e-07
1.23266e-07
1.23266e-07
1.23033e-07
1.2247e-07
1.21335e-07
1.19088e-07
1.13918e-07
1.00129e-07
7.49413e-08
7.6484e-08
1.01883e-07
1.15927e-07
1.21335e-07
1.23747e-07
1.24985e-07
1.25607e-07
1.25866e-07
1.25866e-07
1.25607e-07
1.24985e-07
1.23747e-07
1.21335e-07
1.15927e-07
1.01883e-07
7.6484e-08
7.72606e-08
1.02756e-07
1.16928e-07
1.2247e-07
1.24985e-07
1.26292e-07
1.26954e-07
1.27231e-07
1.27231e-07
1.26954e-07
1.26292e-07
1.24985e-07
1.2247e-07
1.16928e-07
1.02756e-07
7.72606e-08
7.76327e-08
1.03179e-07
1.17419e-07
1.23033e-07
1.25607e-07
1.26954e-07
1.2764e-07
1.2793e-07
1.2793e-07
1.2764e-07
1.26954e-07
1.25607e-07
1.23033e-07
1.17419e-07
1.03179e-07
7.76327e-08
7.778e-08
1.0335e-07
1.1762e-07
1.23266e-07
1.25866e-07
1.27231e-07
1.2793e-07
1.28224e-07
1.28224e-07
1.2793e-07
1.27231e-07
1.25866e-07
1.23266e-07
1.1762e-07
1.0335e-07
7.778e-08
7.778e-08
1.0335e-07
1.1762e-07
1.23266e-07
1.25866e-07
1.27231e-07
1.2793e-07
1.28224e-07
1.28224e-07
1.2793e-07
1.27231e-07
1.25866e-07
1.23266e-07
1.1762e-07
1.0335e-07
7.778e-08
7.76327e-08
1.03179e-07
1.17419e-07
1.23033e-07
1.25607e-07
1.26954e-07
1.2764e-07
1.2793e-07
1.2793e-07
1.2764e-07
1.26954e-07
1.25607e-07
1.23033e-07
1.17419e-07
1.03179e-07
7.76327e-08
7.72606e-08
1.02756e-07
1.16928e-07
1.2247e-07
1.24985e-07
1.26292e-07
1.26954e-07
1.27231e-07
1.27231e-07
1.26954e-07
1.26292e-07
1.24985e-07
1.2247e-07
1.16928e-07
1.02756e-07
7.72606e-08
7.6484e-08
1.01883e-07
1.15927e-07
1.21335e-07
1.23747e-07
1.24985e-07
1.25607e-07
1.25866e-07
1.25866e-07
1.25607e-07
1.24985e-07
1.23747e-07
1.21335e-07
1.15927e-07
1.01883e-07
7.6484e-08
7.49413e-08
1.00129e-07
1.13918e-07
1.19088e-07
1.21335e-07
1.2247e-07
1.23033e-07
1.23266e-07
1.23266e-07
1.23033e-07
1.2247e-07
1.21335e-07
1.19088e-07
1.13918e-07
1.00129e-07
7.49413e-08
7.16415e-08
9.60146e-08
1.09163e-07
1.13918e-07
1.15927e-07
1.16928e-07
1.17419e-07
1.1762e-07
1.1762e-07
1.17419e-07
1.16928e-07
1.15927e-07
1.13918e-07
1.09163e-07
9.60146e-08
7.16415e-08
6.39911e-08
8.47379e-08
9.60146e-08
1.00129e-07
1.01883e-07
1.02756e-07
1.03179e-07
1.0335e-07
1.0335e-07
1.03179e-07
1.02756e-07
1.01883e-07
1.00129e-07
9.60146e-08
8.47379e-08
6.39911e-08
5.1306e-08
6.39911e-08
7.16415e-08
7.49413e-08
7.6484e-08
7.72606e-08
7.76327e-08
7.778e-08
7.778e-08
7.76327e-08
7.72606e-08
7.6484e-08
7.49413e-08
7.16415e-08
6.39911e-08
5.1306e-08
1.67439e-08
2.08837e-08
2.33804e-08
2.44573e-08
2.49607e-08
2.52142e-08
2.53356e-08
2.53837e-08
2.53837e-08
2.53356e-08
2.52142e-08
2.49607e-08
2.44573e-08
2.33804e-08
2.08837e-08
1.67439e-08
2.08837e-08
2.76544e-08
3.13345e-08
3.26772e-08
3.32497e-08
3.35345e-08
3.36726e-08
3.37285e-08
3.37285e-08
3.36726e-08
3.35345e-08
3.32497e-08
3.26772e-08
3.13345e-08
2.76544e-08
2.08837e-08
2.33804e-08
3.13345e-08
3.56256e-08
3.71773e-08
3.78329e-08
3.81597e-08
3.83198e-08
3.83854e-08
3.83854e-08
3.83198e-08
3.81597e-08
3.78329e-08
3.71773e-08
3.56256e-08
3.13345e-08
2.33804e-08
2.44573e-08
3.26772e-08
3.71773e-08
3.88646e-08
3.95978e-08
3.99683e-08
4.01521e-08
4.0228e-08
4.0228e-08
4.01521e-08
3.99683e-08
3.95978e-08
3.88646e-08
3.71773e-08
3.26772e-08
2.44573e-08
2.49607e-08
3.32497e-08
3.78329e-08
3.95978e-08
4.03851e-08
4.07891e-08
4.09919e-08
4.10764e-08
4.10764e-08
4.09919e-08
4.07891e-08
4.03851e-08
3.95978e-08
3.78329e-08
3.32497e-08
2.49607e-08
2.52142e-08
3.35345e-08
3.81597e-08
3.99683e-08
4.07891e-08
4.12155e-08
4.14315e-08
4.15221e-08
4.15221e-08
4.14315e-08
4.12155e-08
4.07891e-08
3.99683e-08
3.81597e-08
3.35345e-08
2.52142e-08
2.53356e-08
3.36726e-08
3.83198e-08
4.01521e-08
4.09919e-08
4.14315e-08
4.16556e-08
4.175e-08
4.175e-08
4.16556e-08
4.14315e-08
4.09919e-08
4.01521e-08
3.83198e-08
3.36726e-08
2.53356e-08
2.53837e-08
3.37285e-08
3.83854e-08
4.0228e-08
4.10764e-08
4.15221e-08
4.175e-08
4.18461e-08
4.18461e-08
4.175e-08
4.15221e-08
4.10764e-08
4.0228e-08
3.83854e-08
3.37285e-08
2.53837e-08
2.53837e-08
3.37285e-08
3.83854e-08
4.0228e-08
4.10764e-08
4.15221e-08
4.175e-08
4.18461e-08
4.18461e-08
4.175e-08
4.15221e-08
4.10764e-08
4.0228e-08
3.83854e-08
3.37285e-08
2.53837e-08
2.53356e-08
3.36726e-08
3.83198e-08
4.01521e-08
4.09919e-08
4.14315e-08
4.16556e-08
4.175e-08
4.175e-08
4.16556e-08
4.14315e-08
4.09919e-08
4.01521e-08
3.83198e-08
3.36726e-08
2.53356e-08
2.52142e-08
3.35345e-08
3.81597e-08
3.99683e-08
4.07891e-08
4.12155e-08
4.14315e-08
4.15221e-08
4.15221e-08
4.14315e-08
4.12155e-08
4.07891e-08
3.99683e-08
3.81597e-08
3.35345e-08
2.52142e-08
2.49607e-08
3.32497e-08
3.78329e-08
3.95978e-08
4.03851e-08
4.07891e-08
4.09919e-08
4.10764e-08
4.10764e-08
4.09919e-08
4.07891e-08
4.03851e-08
3.95978e-08
3.78329e-08
3.32497e-08
2.49607e-08
2.44573e-08
3.26772e-08
3.71773e-08
3.88646e-08
3.95978e-08
3.99683e-08
4.01521e-08
4.0228e-08
4.0228e-08
4.01521e-08
3.99683e-08
3.95978e-08
3.88646e-08
3.71773e-08
3.26772e-08
2.44573e-08
2.33804e-08
3.13345e-08
3.56256e-08
3.71773e-08
3.78329e-08
3.81597e-08
3.83198e-08
3.83854e-08
3.83854e-08
3.83198e-08
3.81597e-08
3.78329e-08
3.71773e-08
3.56256e-08
3.13345e-08
2.33804e-08
2.08837e-08
2.76544e-08
3.13345e-08
3.26772e-08
3.32497e-08
3.35345e-08
3.36726e-08
3.37285e-08
3.37285e-08
3.36726e-08
3.35345e-08
3.32497e-08
3.26772e-08
3.13345e-08
2.76544e-08
2.08837e-08
1.67439e-08
2.08837e-08
2.33804e-08
2.44573e-08
2.49607e-08
2.52142e-08
2.53356e-08
2.53837e-08
2.53837e-08
2.53356e-08
2.52142e-08
2.49607e-08
2.44573e-08
2.33804e-08
2.08837e-08
1.67439e-08
7.62774e-09
9.51363e-09
1.0651e-08
1.11416e-08
1.13709e-08
1.14864e-08
1.15417e-08
1.15636e-08
1.15636e-08
1.15417e-08
1.14864e-08
1.13709e-08
1.11416e-08
1.0651e-08
9.51363e-09
7.62774e-09
9.51363e-09
1.2598e-08
1.42746e-08
1.48862e-08
1.5147e-08
1.52767e-08
1.53397e-08
1.53651e-08
1.53651e-08
1.53397e-08
1.52767e-08
1.5147e-08
1.48862e-08
1.42746e-08
1.2598e-08
9.51363e-09
1.0651e-08
1.42746e-08
1.62294e-08
1.69362e-08
1.72349e-08
1.73838e-08
1.74567e-08
1.74866e-08
1.74866e-08
1.74567e-08
1.73838e-08
1.72349e-08
1.69362e-08
1.62294e-08
1.42746e-08
1.0651e-08
1.11416e-08
1.48862e-08
1.69362e-08
1.77049e-08
1.80389e-08
1.82077e-08
1.82914e-08
1.8326e-08
1.8326e-08
1.82914e-08
1.82077e-08
1.80389e-08
1.77049e-08
1.69362e-08
1.48862e-08
1.11416e-08
1.13709e-08
1.5147e-08
1.72349e-08
1.80389e-08
1.83976e-08
1.85816e-08
1.8674e-08
1.87125e-08
1.87125e-08
1.8674e-08
1.85816e-08
1.83976e-08
1.80389e-08
1.72349e-08
1.5147e-08
1.13709e-08
1.14864e-08
1.52767e-08
1.73838e-08
1.82077e-08
1.85816e-08
1.87758e-08
1.88743e-08
1.89155e-08
1.89155e-08
1.88743e-08
1.87758e-08
1.85816e-08
1.82077e-08
1.73838e-08
1.52767e-08
1.14864e-08
1.15417e-08
1.53397e-08
1.74567e-08
1.82914e-08
1.8674e-08
1.88743e-08
1.89763e-08
1.90193e-08
1.90193e-08
1.89763e-08
1.88743e-08
1.8674e-08
1.82914e-08
1.74567e-08
1.53397e-08
1.15417e-08
1.15636e-08
1.53651e-08
1.74866e-08
1.8326e-08
1.87125e-08
1.89155e-08
1.90193e-08
1.90632e-08
1.90632e-08
1.90193e-08
1.89155e-08
1.87125e-08
1.8326e-08
1.74866e-08
1.53651e-08
1.15636e-08
1.15636e-08
1.53651e-08
1.74866e-08
1.8326e-08
1.87125e-08
1.89155e-08
1.90193e-08
1.90632e-08
1.90632e-08
1.90193e-08
1.89155e-08
1.87125e-08
1.8326e-08
1.74866e-08
1.53651e-08
1.15636e-08
1.15417e-08
1.53397e-08
1.74567e-08
1.82914e-08
1.8674e-08
1.88743e-08
1.89763e-08
1.90193e-08
1.90193e-08
1.89763e-08
1.88743e-08
1.8674e-08
1.82914e-08
1.74567e-08
1.53397e-08
1.15417e-08
1.14864e-08
1.52767e-08
1.73838e-08
1.82077e-08
1.85816e-08
1.87758e-08
1.88743e-08
1.89155e-08
1.89155e-08
1.88743e-08
1.87758e-08
1.85816e-08
1.82077e-08
1.73838e-08
1.52767e-08
1.14864e-08
1.13709e-08
1.5147e-08
1.72349e-08
1.80389e-08
1.83976e-08
1.85816e-08
1.8674e-08
1.87125e-08
1.87125e-08
1.8674e-08
1.85816e-08
1.83976e-08
1.80389e-08
1.72349e-08
1.5147e-08
1.13709e-08
1.11416e-08
1.48862e-08
1.69362e-08
1.77049e-08
1.80389e-08
1.82077e-08
1.82914e-08
1.8326e-08
1.8326e-08
1.82914e-08
1.82077e-08
1.80389e-08
1.77049e-08
1.69362e-08
1.48862e-08
1.11416e-08
1.0651e-08
1.42746e-08
1.62294e-08
1.69362e-08
1.72349e-08
1.73838e-08
1.74567e-08
1.74866e-08
1.74866e-08
1.74567e-08
1.73838e-08
1.72349e-08
1.69362e-08
1.62294e-08
1.42746e-08
1.0651e-08
9.51363e-09
1.2598e-08
1.42746e-08
1.48862e-08
1.5147e-08
1.52767e-08
1.53397e-08
1.53651e-08
1.53651e-08
1.53397e-08
1.52767e-08
1.5147e-08
1.48862e-08
1.42746e-08
1.2598e-08
9.51363e-09
7.62774e-09
9.51363e-09
1.0651e-08
1.11416e-08
1.13709e-08
1.14864e-08
1.15417e-08
1.15636e-08
1.15636e-08
1.15417e-08
1.14864e-08
1.13709e-08
1.11416e-08
1.0651e-08
9.51363e-09
7.62774e-09
4.32545e-09
5.39489e-09
6.03986e-09
6.31806e-09
6.44812e-09
6.5136e-09
6.54497e-09
6.55739e-09
6.55739e-09
6.54497e-09
6.5136e-09
6.44812e-09
6.31806e-09
6.03986e-09
5.39489e-09
4.32545e-09
5.39489e-09
7.14398e-09
8.09468e-09
8.44155e-09
8.58944e-09
8.663e-09
8.69868e-09
8.71313e-09
8.71313e-09
8.69868e-09
8.663e-09
8.58944e-09
8.44155e-09
8.09468e-09
7.14398e-09
5.39489e-09
6.03986e-09
8.09468e-09
9.2032e-09
9.60405e-09
9.77342e-09
9.85783e-09
9.8992e-09
9.91614e-09
9.91614e-09
9.8992e-09
9.85783e-09
9.77342e-09
9.60405e-09
9.2032e-09
8.09468e-09
6.03986e-09
6.31806e-09
8.44155e-09
9.60405e-09
1.00399e-08
1.02293e-08
1.03251e-08
1.03725e-08
1.03922e-08
1.03922e-08
1.03725e-08
1.03251e-08
1.02293e-08
1.00399e-08
9.60405e-09
8.44155e-09
6.31806e-09
6.44812e-09
8.58944e-09
9.77342e-09
1.02293e-08
1.04327e-08
1.05371e-08
1.05895e-08
1.06113e-08
1.06113e-08
1.05895e-08
1.05371e-08
1.04327e-08
1.02293e-08
9.77342e-09
8.58944e-09
6.44812e-09
6.5136e-09
8.663e-09
9.85783e-09
1.03251e-08
1.05371e-08
1.06472e-08
1.07031e-08
1.07265e-08
1.07265e-08
1.07031e-08
1.06472e-08
1.05371e-08
1.03251e-08
9.85783e-09
8.663e-09
6.5136e-09
6.54497e-09
8.69868e-09
9.8992e-09
1.03725e-08
1.05895e-08
1.07031e-08
1.07609e-08
1.07853e-08
1.07853e-08
1.07609e-08
1.07031e-08
1.05895e-08
1.03725e-08
9.8992e-09
8.69868e-09
6.54497e-09
6.55739e-09
8.71313e-09
9.91614e-09
1.03922e-08
1.06113e-08
1.07265e-08
1.07853e-08
1.08102e-08
1.08102e-08
1.07853e-08
1.07265e-08
1.06113e-08
1.03922e-08
9.91614e-09
8.71313e-09
6.55739e-09
6.55739e-09
8.71313e-09
9.91614e-09
1.03922e-08
1.06113e-08
1.07265e-08
1.07853e-08
1.08102e-08
1.08102e-08
1.07853e-08
1.07265e-08
1.06113e-08
1.03922e-08
9.91614e-09
8.71313e-09
6.55739e-09
6.54497e-09
8.69868e-09
9.8992e-09
1.03725e-08
1.05895e-08
1.07031e-08
1.07609e-08
1.07853e-08
1.07853e-08
1.07609e-08
1.07031e-08
1.05895e-08
1.03725e-08
9.8992e-09
8.69868e-09
6.54497e-09
6.5136e-09
8.663e-09
9.85783e-09
1.03251e-08
1.05371e-08
1.06472e-08
1.07031e-08
1.07265e-08
1.07265e-08
1.07031e-08
1.06472e-08
1.05371e-08
1.03251e-08
9.85783e-09
8.663e-09
6.5136e-09
6.44812e-09
8.58944e-09
9.77342e-09
1.02293e-08
1.04327e-08
1.05371e-08
1.05895e-08
1.06113e-08
1.06113e-08
1.05895e-08
1.05371e-08
1.04327e-08
1.02293e-08
9.77342e-09
8.58944e-09
6.44812e-09
6.31806e-09
8.44155e-09
9.60405e-09
1.00399e-08
1.02293e-08
1.03251e-08
1.03725e-08
1.03922e-08
1.03922e-08
1.03725e-08
1.03251e-08
1.02293e-08
1.00399e-08
9.60405e-09
8.44155e-09
6.31806e-09
6.03986e-09
8.09468e-09
9.2032e-09
9.60405e-09
9.77342e-09
9.85783e-09
9.8992e-09
9.91614e-09
9.91614e-09
9.8992e-09
9.85783e-09
9.77342e-09
9.60405e-09
9.2032e-09
8.09468e-09
6.03986e-09
5.39489e-09
7.14398e-09
8.09468e-09
8.44155e-09
8.58944e-09
8.663e-09
8.69868e-09
8.71313e-09
8.71313e-09
8.69868e-09
8.663e-09
8.58944e-09
8.44155e-09
8.09468e-09
7.14398e-09
5.39489e-09
4.32545e-09
5.39489e-09
6.03986e-09
6.31806e-09
6.44812e-09
6.5136e-09
6.54497e-09
6.55739e-09
6.55739e-09
6.54497e-09
6.5136e-09
6.44812e-09
6.31806e-09
6.03986e-09
5.39489e-09
4.32545e-09
2.74135e-09
3.41912e-09
3.82789e-09
4.0042e-09
4.08663e-09
4.12813e-09
4.14801e-09
4.15588e-09
4.15588e-09
4.14801e-09
4.12813e-09
4.08663e-09
4.0042e-09
3.82789e-09
3.41912e-09
2.74135e-09
3.41912e-09
4.52765e-09
5.13018e-09
5.35001e-09
5.44374e-09
5.49036e-09
5.51297e-09
5.52213e-09
5.52213e-09
5.51297e-09
5.49036e-09
5.44374e-09
5.35001e-09
5.13018e-09
4.52765e-09
3.41912e-09
3.82789e-09
5.13018e-09
5.83272e-09
6.08677e-09
6.19411e-09
6.24761e-09
6.27383e-09
6.28457e-09
6.28457e-09
6.27383e-09
6.24761e-09
6.19411e-09
6.08677e-09
5.83272e-09
5.13018e-09
3.82789e-09
4.0042e-09
5.35001e-09
6.08677e-09
6.36303e-09
6.48306e-09
6.54372e-09
6.57381e-09
6.58625e-09
6.58625e-09
6.57381e-09
6.54372e-09
6.48306e-09
6.36303e-09
6.08677e-09
5.35001e-09
4.0042e-09
4.08663e-09
5.44374e-09
6.19411e-09
6.48306e-09
6.61196e-09
6.67811e-09
6.71131e-09
6.72515e-09
6.72515e-09
6.71131e-09
6.67811e-09
6.61196e-09
6.48306e-09
6.19411e-09
5.44374e-09
4.08663e-09
4.12813e-09
5.49036e-09
6.24761e-09
6.54372e-09
6.67811e-09
6.74792e-09
6.78328e-09
6.79811e-09
6.79811e-09
6.78328e-09
6.74792e-09
6.67811e-09
6.54372e-09
6.24761e-09
5.49036e-09
4.12813e-09
4.14801e-09
5.51297e-09
6.27383e-09
6.57381e-09
6.71131e-09
6.78328e-09
6.81997e-09
6.83543e-09
6.83543e-09
6.81997e-09
6.78328e-09
6.71131e-09
6.57381e-09
6.27383e-09
5.51297e-09
4.14801e-09
4.15588e-09
5.52213e-09
6.28457e-09
6.58625e-09
6.72515e-09
6.79811e-09
6.83543e-09
6.85117e-09
6.85117e-09
6.83543e-09
6.79811e-09
6.72515e-09
6.58625e-09
6.28457e-09
5.52213e-09
4.15588e-09
4.15588e-09
5.52213e-09
6.28457e-09
6.58625e-09
6.72515e-09
6.79811e-09
6.83543e-09
6.85117e-09
6.85117e-09
6.83543e-09
6.79811e-09
6.72515e-09
6.58625e-09
6.28457e-09
5.52213e-09
4.15588e-09
4.14801e-09
5.51297e-09
6.27383e-09
6.57381e-09
6.71131e-09
6.78328e-09
6.81997e-09
6.83543e-09
6.83543e-09
6.81997e-09
6.78328e-09
6.71131e-09
6.57381e-09
6.27383e-09
5.51297e-09
4.14801e-09
4.12813e-09
5.49036e-09
6.24761e-09
6.54372e-09
6.67811e-09
6.74792e-09
6.78328e-09
6.79811e-09
6.79811e-09
6.78328e-09
6.74792e-09
6.67811e-09
6.54372e-09
6.24761e-09
5.49036e-09
4.12813e-09
4.08663e-09
5.44374e-09
6.19411e-09
6.48306e-09
6.61196e-09
6.67811e-09
6.71131e-09
6.72515e-09
6.72515e-09
6.71131e-09
6.67811e-09
6.61196e-09
6.48306e-09
6.19411e-09
5.44374e-09
4.08663e-09
4.0042e-09
5.35001e-09
6.08677e-09
6.36303e-09
6.48306e-09
6.54372e-09
6.57381e-09
6.58625e-09
6.58625e-09
6.57381e-09
6.54372e-09
6.48306e-09
6.36303e-09
6.08677e-09
5.35001e-09
4.0042e-09
3.82789e-09
5.13018e-09
5.83272e-09
6.08677e-09
6.19411e-09
6.24761e-09
6.27383e-09
6.28457e-09
6.28457e-09
6.27383e-09
6.24761e-09
6.19411e-09
6.08677e-09
5.83272e-09
5.13018e-09
3.82789e-09
3.41912e-09
4.52765e-09
5.13018e-09
5.35001e-09
5.44374e-09
5.49036e-09
5.51297e-09
5.52213e-09
5.52213e-09
5.51297e-09
5.49036e-09
5.44374e-09
5.35001e-09
5.13018e-09
4.52765e-09
3.41912e-09
2.74135e-09
3.41912e-09
3.82789e-09
4.0042e-09
4.08663e-09
4.12813e-09
4.14801e-09
4.15588e-09
4.15588e-09
4.14801e-09
4.12813e-09
4.08663e-09
4.0042e-09
3.82789e-09
3.41912e-09
2.74135e-09
1.90696e-09
2.37845e-09
2.6628e-09
2.78545e-09
2.84279e-09
2.87166e-09
2.88549e-09
2.89096e-09
2.89096e-09
2.88549e-09
2.87166e-09
2.84279e-09
2.78545e-09
2.6628e-09
2.37845e-09
1.90696e-09
2.37845e-09
3.14957e-09
3.56871e-09
3.72164e-09
3.78684e-09
3.81927e-09
3.835e-09
3.84137e-09
3.84137e-09
3.835e-09
3.81927e-09
3.78684e-09
3.72164e-09
3.56871e-09
3.14957e-09
2.37845e-09
2.6628e-09
3.56871e-09
4.05743e-09
4.23415e-09
4.30882e-09
4.34604e-09
4.36427e-09
4.37174e-09
4.37174e-09
4.36427e-09
4.34604e-09
4.30882e-09
4.23415e-09
4.05743e-09
3.56871e-09
2.6628e-09
2.78545e-09
3.72164e-09
4.23415e-09
4.42633e-09
4.50983e-09
4.55202e-09
4.57295e-09
4.58161e-09
4.58161e-09
4.57295e-09
4.55202e-09
4.50983e-09
4.42633e-09
4.23415e-09
3.72164e-09
2.78545e-09
2.84279e-09
3.78684e-09
4.30882e-09
4.50983e-09
4.59949e-09
4.64551e-09
4.66861e-09
4.67823e-09
4.67823e-09
4.66861e-09
4.64551e-09
4.59949e-09
4.50983e-09
4.30882e-09
3.78684e-09
2.84279e-09
2.87166e-09
3.81927e-09
4.34604e-09
4.55202e-09
4.64551e-09
4.69407e-09
4.71867e-09
4.72899e-09
4.72899e-09
4.71867e-09
4.69407e-09
4.64551e-09
4.55202e-09
4.34604e-09
3.81927e-09
2.87166e-09
2.88549e-09
3.835e-09
4.36427e-09
4.57295e-09
4.66861e-09
4.71867e-09
4.74419e-09
4.75494e-09
4.75494e-09
4.74419e-09
4.71867e-09
4.66861e-09
4.57295e-09
4.36427e-09
3.835e-09
2.88549e-09
2.89096e-09
3.84137e-09
4.37174e-09
4.58161e-09
4.67823e-09
4.72899e-09
4.75494e-09
4.7659e-09
4.7659e-09
4.75494e-09
4.72899e-09
4.67823e-09
4.58161e-09
4.37174e-09
3.84137e-09
2.89096e-09
2.89096e-09
3.84137e-09
4.37174e-09
4.58161e-09
4.67823e-09
4.72899e-09
4.75494e-09
4.7659e-09
4.7659e-09
4.75494e-09
4.72899e-09
4.67823e-09
4.58161e-09
4.37174e-09
3.84137e-09
2.89096e-09
2.88549e-09
3.835e-09
4.36427e-09
4.57295e-09
4.66861e-09
4.71867e-09
4.74419e-09
4.75494e-09
4.75494e-09
4.74419e-09
4.71867e-09
4.66861e-09
4.57295e-09
4.36427e-09
3.835e-09
2.88549e-09
2.87166e-09
3.81927e-09
4.34604e-09
4.55202e-09
4.64551e-09
4.69407e-09
4.71867e-09
4.72899e-09
4.72899e-09
4.71867e-09
4.69407e-09
4.64551e-09
4.55202e-09
4.34604e-09
3.81927e-09
2.87166e-09
2.84279e-09
3.78684e-09
4.30882e-09
4.50983e-09
4.59949e-09
4.64551e-09
4.66861e-09
4.67823e-09
4.67823e-09
4.66861e-09
4.64551e-09
4.59949e-09
4.50983e-09
4.30882e-09
3.78684e-09
2.84279e-09
2.78545e-09
3.72164e-09
4.23415e-09
4.42633e-09
4.50983e-09
4.55202e-09
4.57295e-09
4.58161e-09
4.58161e-09
4.57295e-09
4.55202e-09
4.50983e-09
4.42633e-09
4.23415e-09
3.72164e-09
2.78545e-09
2.6628e-09
3.56871e-09
4.05743e-09
4.23415e-09
4.30882e-09
4.34604e-09
4.36427e-09
4.37174e-09
4.37174e-09
4.36427e-09
4.34604e-09
4.30882e-09
4.23415e-09
4.05743e-09
3.56871e-09
2.6628e-09
2.37845e-09
3.14957e-09
3.56871e-09
3.72164e-09
3.78684e-09
3.81927e-09
3.835e-09
3.84137e-09
3.84137e-09
3.835e-09
3.81927e-09
3.78684e-09
3.72164e-09
3.56871e-09
3.14957e-09
2.37845e-09
1.90696e-09
2.37845e-09
2.6628e-09
2.78545e-09
2.84279e-09
2.87166e-09
2.88549e-09
2.89096e-09
2.89096e-09
2.88549e-09
2.87166e-09
2.84279e-09
2.78545e-09
2.6628e-09
2.37845e-09
1.90696e-09
1.38436e-09
1.72664e-09
1.93306e-09
2.0221e-09
2.06373e-09
2.08468e-09
2.09472e-09
2.0987e-09
2.0987e-09
2.09472e-09
2.08468e-09
2.06373e-09
2.0221e-09
1.93306e-09
1.72664e-09
1.38436e-09
1.72664e-09
2.28644e-09
2.59071e-09
2.70173e-09
2.74906e-09
2.7726e-09
2.78402e-09
2.78865e-09
2.78865e-09
2.78402e-09
2.7726e-09
2.74906e-09
2.70173e-09
2.59071e-09
2.28644e-09
1.72664e-09
1.93306e-09
2.59071e-09
2.9455e-09
3.07379e-09
3.128e-09
3.15501e-09
3.16825e-09
3.17368e-09
3.17368e-09
3.16825e-09
3.15501e-09
3.128e-09
3.07379e-09
2.9455e-09
2.59071e-09
1.93306e-09
2.0221e-09
2.70173e-09
3.07379e-09
3.2133e-09
3.27392e-09
3.30455e-09
3.31974e-09
3.32603e-09
3.32603e-09
3.31974e-09
3.30455e-09
3.27392e-09
3.2133e-09
3.07379e-09
2.70173e-09
2.0221e-09
2.06373e-09
2.74906e-09
3.128e-09
3.27392e-09
3.33901e-09
3.37242e-09
3.38918e-09
3.39617e-09
3.39617e-09
3.38918e-09
3.37242e-09
3.33901e-09
3.27392e-09
3.128e-09
2.74906e-09
2.06373e-09
2.08468e-09
2.7726e-09
3.15501e-09
3.30455e-09
3.37242e-09
3.40767e-09
3.42553e-09
3.43302e-09
3.43302e-09
3.42553e-09
3.40767e-09
3.37242e-09
3.30455e-09
3.15501e-09
2.7726e-09
2.08468e-09
2.09472e-09
2.78402e-09
3.16825e-09
3.31974e-09
3.38918e-09
3.42553e-09
3.44406e-09
3.45186e-09
3.45186e-09
3.44406e-09
3.42553e-09
3.38918e-09
3.31974e-09
3.16825e-09
2.78402e-09
2.09472e-09
2.0987e-09
2.78865e-09
3.17368e-09
3.32603e-09
3.39617e-09
3.43302e-09
3.45186e-09
3.45981e-09
3.45981e-09
3.45186e-09
3.43302e-09
3.39617e-09
3.32603e-09
3.17368e-09
2.78865e-09
2.0987e-09
2.0987e-09
2.78865e-09
3.17368e-09
3.32603e-09
3.39617e-09
3.43302e-09
3.45186e-09
3.45981e-09
3.45981e-09
3.45186e-09
3.43302e-09
3.39617e-09
3.32603e-09
3.17368e-09
2.78865e-09
2.0987e-09
2.09472e-09
2.78402e-09
3.16825e-09
3.31974e-09
3.38918e-09
3.42553e-09
3.44406e-09
3.45186e-09
3.45186e-09
3.44406e-09
3.42553e-09
3.38918e-09
3.31974e-09
3.16825e-09
2.78402e-09
2.09472e-09
2.08468e-09
2.7726e-09
3.15501e-09
3.30455e-09
3.37242e-09
3.40767e-09
3.42553e-09
3.43302e-09
3.43302e-09
3.42553e-09
3.40767e-09
3.37242e-09
3.30455e-09
3.15501e-09
2.7726e-09
2.08468e-09
2.06373e-09
2.74906e-09
3.128e-09
3.27392e-09
3.33901e-09
3.37242e-09
3.38918e-09
3.39617e-09
3.39617e-09
3.38918e-09
3.37242e-09
3.33901e-09
3.27392e-09
3.128e-09
2.74906e-09
2.06373e-09
2.0221e-09
2.70173e-09
3.07379e-09
3.2133e-09
3.27392e-09
3.30455e-09
3.31974e-09
3.32603e-09
3.32603e-09
3.31974e-09
3.30455e-09
3.27392e-09
3.2133e-09
3.07379e-09
2.70173e-09
2.0221e-09
1.93306e-09
2.59071e-09
2.9455e-09
3.07379e-09
3.128e-09
3.15501e-09
3.16825e-09
3.17368e-09
3.17368e-09
3.16825e-09
3.15501e-09
3.128e-09
3.07379e-09
2.9455e-09
2.59071e-09
1.93306e-09
1.72664e-09
2.28644e-09
2.59071e-09
2.70173e-09
2.74906e-09
2.7726e-09
2.78402e-09
2.78865e-09
2.78865e-09
2.78402e-09
2.7726e-09
2.74906e-09
2.70173e-09
2.59071e-09
2.28644e-09
1.72664e-09
1.38436e-09
1.72664e-09
1.93306e-09
2.0221e-09
2.06373e-09
2.08468e-09
2.09472e-09
2.0987e-09
2.0987e-09
2.09472e-09
2.08468e-09
2.06373e-09
2.0221e-09
1.93306e-09
1.72664e-09
1.38436e-09
1.04983e-09
1.3094e-09
1.46595e-09
1.53347e-09
1.56504e-09
1.58093e-09
1.58854e-09
1.59156e-09
1.59156e-09
1.58854e-09
1.58093e-09
1.56504e-09
1.53347e-09
1.46595e-09
1.3094e-09
1.04983e-09
1.3094e-09
1.73393e-09
1.96468e-09
2.04887e-09
2.08477e-09
2.10262e-09
2.11128e-09
2.11479e-09
2.11479e-09
2.11128e-09
2.10262e-09
2.08477e-09
2.04887e-09
1.96468e-09
1.73393e-09
1.3094e-09
1.46595e-09
1.96468e-09
2.23374e-09
2.33103e-09
2.37214e-09
2.39263e-09
2.40267e-09
2.40678e-09
2.40678e-09
2.40267e-09
2.39263e-09
2.37214e-09
2.33103e-09
2.23374e-09
1.96468e-09
1.46595e-09
1.53347e-09
2.04887e-09
2.33103e-09
2.43683e-09
2.4828e-09
2.50603e-09
2.51755e-09
2.52232e-09
2.52232e-09
2.51755e-09
2.50603e-09
2.4828e-09
2.43683e-09
2.33103e-09
2.04887e-09
1.53347e-09
1.56504e-09
2.08477e-09
2.37214e-09
2.4828e-09
2.53216e-09
2.5575e-09
2.57021e-09
2.57551e-09
2.57551e-09
2.57021e-09
2.5575e-09
2.53216e-09
2.4828e-09
2.37214e-09
2.08477e-09
1.56504e-09
1.58093e-09
2.10262e-09
2.39263e-09
2.50603e-09
2.5575e-09
2.58423e-09
2.59777e-09
2.60345e-09
2.60345e-09
2.59777e-09
2.58423e-09
2.5575e-09
2.50603e-09
2.39263e-09
2.10262e-09
1.58093e-09
1.58854e-09
2.11128e-09
2.40267e-09
2.51755e-09
2.57021e-09
2.59777e-09
2.61182e-09
2.61774e-09
2.61774e-09
2.61182e-09
2.59777e-09
2.57021e-09
2.51755e-09
2.40267e-09
2.11128e-09
1.58854e-09
1.59156e-09
2.11479e-09
2.40678e-09
2.52232e-09
2.57551e-09
2.60345e-09
2.61774e-09
2.62377e-09
2.62377e-09
2.61774e-09
2.60345e-09
2.57551e-09
2.52232e-09
2.40678e-09
2.11479e-09
1.59156e-09
1.59156e-09
2.11479e-09
2.40678e-09
2.52232e-09
2.57551e-09
2.60345e-09
2.61774e-09
2.62377e-09
2.62377e-09
2.61774e-09
2.60345e-09
2.57551e-09
2.52232e-09
2.40678e-09
2.11479e-09
1.59156e-09
1.58854e-09
2.11128e-09
2.40267e-09
2.51755e-09
2.57021e-09
2.59777e-09
2.61182e-09
2.61774e-09
2.61774e-09
2.61182e-09
2.59777e-09
2.57021e-09
2.51755e-09
2.40267e-09
2.11128e-09
1.58854e-09
1.58093e-09
2.10262e-09
2.39263e-09
2.50603e-09
2.5575e-09
2.58423e-09
2.59777e-09
2.60345e-09
2.60345e-09
2.59777e-09
2.58423e-09
2.5575e-09
2.50603e-09
2.39263e-09
2.10262e-09
1.58093e-09
1.56504e-09
2.08477e-09
2.37214e-09
2.4828e-09
2.53216e-09
2.5575e-09
2.57021e-09
2.57551e-09
2.57551e-09
2.57021e-09
2.5575e-09
2.53216e-09
2.4828e-09
2.37214e-09
2.08477e-09
1.56504e-09
1.53347e-09
2.04887e-09
2.33103e-09
2.43683e-09
2.4828e-09
2.50603e-09
2.51755e-09
2.52232e-09
2.52232e-09
2.51755e-09
2.50603e-09
2.4828e-09
2.43683e-09
2.33103e-09
2.04887e-09
1.53347e-09
1.46595e-09
1.96468e-09
2.23374e-09
2.33103e-09
2.37214e-09
2.39263e-09
2.40267e-09
2.40678e-09
2.40678e-09
2.40267e-09
2.39263e-09
2.37214e-09
2.33103e-09
2.23374e-09
1.96468e-09
1.46595e-09
1.3094e-09
1.73393e-09
1.96468e-09
2.04887e-09
2.08477e-09
2.10262e-09
2.11128e-09
2.11479e-09
2.11479e-09
2.11128e-09
2.10262e-09
2.08477e-09
2.04887e-09
1.96468e-09
1.73393e-09
1.3094e-09
1.04983e-09
1.3094e-09
1.46595e-09
1.53347e-09
1.56504e-09
1.58093e-09
1.58854e-09
1.59156e-09
1.59156e-09
1.58854e-09
1.58093e-09
1.56504e-09
1.53347e-09
1.46595e-09
1.3094e-09
1.04983e-09
8.42227e-10
1.05046e-09
1.17605e-09
1.23022e-09
1.25554e-09
1.26829e-09
1.2744e-09
1.27682e-09
1.27682e-09
1.2744e-09
1.26829e-09
1.25554e-09
1.23022e-09
1.17605e-09
1.05046e-09
8.42227e-10
1.05046e-09
1.39104e-09
1.57615e-09
1.64369e-09
1.67249e-09
1.68681e-09
1.69376e-09
1.69657e-09
1.69657e-09
1.69376e-09
1.68681e-09
1.67249e-09
1.64369e-09
1.57615e-09
1.39104e-09
1.05046e-09
1.17605e-09
1.57615e-09
1.792e-09
1.87005e-09
1.90303e-09
1.91947e-09
1.92752e-09
1.93082e-09
1.93082e-09
1.92752e-09
1.91947e-09
1.90303e-09
1.87005e-09
1.792e-09
1.57615e-09
1.17605e-09
1.23022e-09
1.64369e-09
1.87005e-09
1.95493e-09
1.99181e-09
2.01044e-09
2.01969e-09
2.02351e-09
2.02351e-09
2.01969e-09
2.01044e-09
1.99181e-09
1.95493e-09
1.87005e-09
1.64369e-09
1.23022e-09
1.25554e-09
1.67249e-09
1.90303e-09
1.99181e-09
2.03141e-09
2.05173e-09
2.06193e-09
2.06618e-09
2.06618e-09
2.06193e-09
2.05173e-09
2.03141e-09
1.99181e-09
1.90303e-09
1.67249e-09
1.25554e-09
1.26829e-09
1.68681e-09
1.91947e-09
2.01044e-09
2.05173e-09
2.07318e-09
2.08404e-09
2.0886e-09
2.0886e-09
2.08404e-09
2.07318e-09
2.05173e-09
2.01044e-09
1.91947e-09
1.68681e-09
1.26829e-09
1.2744e-09
1.69376e-09
1.92752e-09
2.01969e-09
2.06193e-09
2.08404e-09
2.09532e-09
2.10006e-09
2.10006e-09
2.09532e-09
2.08404e-09
2.06193e-09
2.01969e-09
1.92752e-09
1.69376e-09
1.2744e-09
1.27682e-09
1.69657e-09
1.93082e-09
2.02351e-09
2.06618e-09
2.0886e-09
2.10006e-09
2.1049e-09
2.1049e-09
2.10006e-09
2.0886e-09
2.06618e-09
2.02351e-09
1.93082e-09
1.69657e-09
1.27682e-09
1.27682e-09
1.69657e-09
1.93082e-09
2.02351e-09
2.06618e-09
2.0886e-09
2.10006e-09
2.1049e-09
2.1049e-09
2.10006e-09
2.0886e-09
2.06618e-09
2.02351e-09
1.93082e-09
1.69657e-09
1.27682e-09
1.2744e-09
1.69376e-09
1.92752e-09
2.01969e-09
2.06193e-09
2.08404e-09
2.09532e-09
2.10006e-09
2.10006e-09
2.09532e-09
2.08404e-09
2.06193e-09
2.01969e-09
1.92752e-09
1.69376e-09
1.2744e-09
1.26829e-09
1.68681e-09
1.91947e-09
2.01044e-09
2.05173e-09
2.07318e-09
2.08404e-09
2.0886e-09
2.0886e-09
2.08404e-09
2.07318e-09
2.05173e-09
2.01044e-09
1.91947e-09
1.68681e-09
1.26829e-09
1.25554e-09
1.67249e-09
1.90303e-09
1.99181e-09
2.03141e-09
2.05173e-09
2.06193e-09
2.06618e-09
2.06618e-09
2.06193e-09
2.05173e-09
2.03141e-09
1.99181e-09
1.90303e-09
1.67249e-09
1.25554e-09
1.23022e-09
1.64369e-09
1.87005e-09
1.95493e-09
1.99181e-09
2.01044e-09
2.01969e-09
2.02351e-09
2.02351e-09
2.01969e-09
2.01044e-09
1.99181e-09
1.95493e-09
1.87005e-09
1.64369e-09
1.23022e-09
1.17605e-09
1.57615e-09
1.792e-09
1.87005e-09
1.90303e-09
1.91947e-09
1.92752e-09
1.93082e-09
1.93082e-09
1.92752e-09
1.91947e-09
1.90303e-09
1.87005e-09
1.792e-09
1.57615e-09
1.17605e-09
1.05046e-09
1.39104e-09
1.57615e-09
1.64369e-09
1.67249e-09
1.68681e-09
1.69376e-09
1.69657e-09
1.69657e-09
1.69376e-09
1.68681e-09
1.67249e-09
1.64369e-09
1.57615e-09
1.39104e-09
1.05046e-09
8.42227e-10
1.05046e-09
1.17605e-09
1.23022e-09
1.25554e-09
1.26829e-09
1.2744e-09
1.27682e-09
1.27682e-09
1.2744e-09
1.26829e-09
1.25554e-09
1.23022e-09
1.17605e-09
1.05046e-09
8.42227e-10
7.09658e-10
8.85119e-10
9.90942e-10
1.03659e-09
1.05792e-09
1.06867e-09
1.07381e-09
1.07585e-09
1.07585e-09
1.07381e-09
1.06867e-09
1.05792e-09
1.03659e-09
9.90942e-10
8.85119e-10
7.09658e-10
8.85119e-10
1.17209e-09
1.32808e-09
1.38499e-09
1.40925e-09
1.42132e-09
1.42717e-09
1.42954e-09
1.42954e-09
1.42717e-09
1.42132e-09
1.40925e-09
1.38499e-09
1.32808e-09
1.17209e-09
8.85119e-10
9.90942e-10
1.32808e-09
1.50995e-09
1.57572e-09
1.60351e-09
1.61736e-09
1.62414e-09
1.62692e-09
1.62692e-09
1.62414e-09
1.61736e-09
1.60351e-09
1.57572e-09
1.50995e-09
1.32808e-09
9.90942e-10
1.03659e-09
1.38499e-09
1.57572e-09
1.64724e-09
1.67831e-09
1.69402e-09
1.7018e-09
1.70502e-09
1.70502e-09
1.7018e-09
1.69402e-09
1.67831e-09
1.64724e-09
1.57572e-09
1.38499e-09
1.03659e-09
1.05792e-09
1.40925e-09
1.60351e-09
1.67831e-09
1.71168e-09
1.72881e-09
1.7374e-09
1.74098e-09
1.74098e-09
1.7374e-09
1.72881e-09
1.71168e-09
1.67831e-09
1.60351e-09
1.40925e-09
1.05792e-09
1.06867e-09
1.42132e-09
1.61736e-09
1.69402e-09
1.72881e-09
1.74688e-09
1.75603e-09
1.75987e-09
1.75987e-09
1.75603e-09
1.74688e-09
1.72881e-09
1.69402e-09
1.61736e-09
1.42132e-09
1.06867e-09
1.07381e-09
1.42717e-09
1.62414e-09
1.7018e-09
1.7374e-09
1.75603e-09
1.76553e-09
1.76953e-09
1.76953e-09
1.76553e-09
1.75603e-09
1.7374e-09
1.7018e-09
1.62414e-09
1.42717e-09
1.07381e-09
1.07585e-09
1.42954e-09
1.62692e-09
1.70502e-09
1.74098e-09
1.75987e-09
1.76953e-09
1.77361e-09
1.77361e-09
1.76953e-09
1.75987e-09
1.74098e-09
1.70502e-09
1.62692e-09
1.42954e-09
1.07585e-09
1.07585e-09
1.42954e-09
1.62692e-09
1.70502e-09
1.74098e-09
1.75987e-09
1.76953e-09
1.77361e-09
1.77361e-09
1.76953e-09
1.75987e-09
1.74098e-09
1.70502e-09
1.62692e-09
1.42954e-09
1.07585e-09
1.07381e-09
1.42717e-09
1.62414e-09
1.7018e-09
1.7374e-09
1.75603e-09
1.76553e-09
1.76953e-09
1.76953e-09
1.76553e-09
1.75603e-09
1.7374e-09
1.7018e-09
1.62414e-09
1.42717e-09
1.07381e-09
1.06867e-09
1.42132e-09
1.61736e-09
1.69402e-09
1.72881e-09
1.74688e-09
1.75603e-09
1.75987e-09
1.75987e-09
1.75603e-09
1.74688e-09
1.72881e-09
1.69402e-09
1.61736e-09
1.42132e-09
1.06867e-09
1.05792e-09
1.40925e-09
1.60351e-09
1.67831e-09
1.71168e-09
1.72881e-09
1.7374e-09
1.74098e-09
1.74098e-09
1.7374e-09
1.72881e-09
1.71168e-09
1.67831e-09
1.60351e-09
1.40925e-09
1.05792e-09
1.03659e-09
1.38499e-09
1.57572e-09
1.64724e-09
1.67831e-09
1.69402e-09
1.7018e-09
1.70502e-09
1.70502e-09
1.7018e-09
1.69402e-09
1.67831e-09
1.64724e-09
1.57572e-09
1.38499e-09
1.03659e-09
9.90942e-10
1.32808e-09
1.50995e-09
1.57572e-09
1.60351e-09
1.61736e-09
1.62414e-09
1.62692e-09
1.62692e-09
1.62414e-09
1.61736e-09
1.60351e-09
1.57572e-09
1.50995e-09
1.32808e-09
9.90942e-10
8.85119e-10
1.17209e-09
1.32808e-09
1.38499e-09
1.40925e-09
1.42132e-09
1.42717e-09
1.42954e-09
1.42954e-09
1.42717e-09
1.42132e-09
1.40925e-09
1.38499e-09
1.32808e-09
1.17209e-09
8.85119e-10
7.09658e-10
8.85119e-10
9.90942e-10
1.03659e-09
1.05792e-09
1.06867e-09
1.07381e-09
1.07585e-09
1.07585e-09
1.07381e-09
1.06867e-09
1.05792e-09
1.03659e-09
9.90942e-10
8.85119e-10
7.09658e-10
5.84033e-10
7.28432e-10
8.1552e-10
8.53083e-10
8.70643e-10
8.79485e-10
8.8372e-10
8.85397e-10
8.85397e-10
8.8372e-10
8.79485e-10
8.70643e-10
8.53083e-10
8.1552e-10
7.28432e-10
5.84033e-10
7.28432e-10
9.64601e-10
1.09297e-09
1.1398e-09
1.15977e-09
1.1697e-09
1.17452e-09
1.17647e-09
1.17647e-09
1.17452e-09
1.1697e-09
1.15977e-09
1.1398e-09
1.09297e-09
9.64601e-10
7.28432e-10
8.1552e-10
1.09297e-09
1.24265e-09
1.29677e-09
1.31964e-09
1.33104e-09
1.33662e-09
1.33891e-09
1.33891e-09
1.33662e-09
1.33104e-09
1.31964e-09
1.29677e-09
1.24265e-09
1.09297e-09
8.1552e-10
8.53083e-10
1.1398e-09
1.29677e-09
1.35563e-09
1.3812e-09
1.39412e-09
1.40053e-09
1.40318e-09
1.40318e-09
1.40053e-09
1.39412e-09
1.3812e-09
1.35563e-09
1.29677e-09
1.1398e-09
8.53083e-10
8.70643e-10
1.15977e-09
1.31964e-09
1.3812e-09
1.40866e-09
1.42275e-09
1.42983e-09
1.43278e-09
1.43278e-09
1.42983e-09
1.42275e-09
1.40866e-09
1.3812e-09
1.31964e-09
1.15977e-09
8.70643e-10
8.79485e-10
1.1697e-09
1.33104e-09
1.39412e-09
1.42275e-09
1.43763e-09
1.44516e-09
1.44832e-09
1.44832e-09
1.44516e-09
1.43763e-09
1.42275e-09
1.39412e-09
1.33104e-09
1.1697e-09
8.79485e-10
8.8372e-10
1.17452e-09
1.33662e-09
1.40053e-09
1.42983e-09
1.44516e-09
1.45298e-09
1.45627e-09
1.45627e-09
1.45298e-09
1.44516e-09
1.42983e-09
1.40053e-09
1.33662e-09
1.17452e-09
8.8372e-10
8.85397e-10
1.17647e-09
1.33891e-09
1.40318e-09
1.43278e-09
1.44832e-09
1.45627e-09
1.45962e-09
1.45962e-09
1.45627e-09
1.44832e-09
1.43278e-09
1.40318e-09
1.33891e-09
1.17647e-09
8.85397e-10
8.85397e-10
1.17647e-09
1.33891e-09
1.40318e-09
1.43278e-09
1.44832e-09
1.45627e-09
1.45962e-09
1.45962e-09
1.45627e-09
1.44832e-09
1.43278e-09
1.40318e-09
1.33891e-09
1.17647e-09
8.85397e-10
8.8372e-10
1.17452e-09
1.33662e-09
1.40053e-09
1.42983e-09
1.44516e-09
1.45298e-09
1.45627e-09
1.45627e-09
1.45298e-09
1.44516e-09
1.42983e-09
1.40053e-09
1.33662e-09
1.17452e-09
8.8372e-10
8.79485e-10
1.1697e-09
1.33104e-09
1.39412e-09
1.42275e-09
1.43763e-09
1.44516e-09
1.44832e-09
1.44832e-09
1.44516e-09
1.43763e-09
1.42275e-09
1.39412e-09
1.33104e-09
1.1697e-09
8.79485e-10
8.70643e-10
1.15977e-09
1.31964e-09
1.3812e-09
1.40866e-09
1.42275e-09
1.42983e-09
1.43278e-09
1.43278e-09
1.42983e-09
1.42275e-09
1.40866e-09
1.3812e-09
1.31964e-09
1.15977e-09
8.70643e-10
8.53083e-10
1.1398e-09
1.29677e-09
1.35563e-09
1.3812e-09
1.39412e-09
1.40053e-09
1.40318e-09
1.40318e-09
1.40053e-09
1.39412e-09
1.3812e-09
1.35563e-09
1.29677e-09
1.1398e-09
8.53083e-10
8.1552e-10
1.09297e-09
1.24265e-09
1.29677e-09
1.31964e-09
1.33104e-09
1.33662e-09
1.33891e-09
1.33891e-09
1.33662e-09
1.33104e-09
1.31964e-09
1.29677e-09
1.24265e-09
1.09297e-09
8.1552e-10
7.28432e-10
9.64601e-10
1.09297e-09
1.1398e-09
1.15977e-09
1.1697e-09
1.17452e-09
1.17647e-09
1.17647e-09
1.17452e-09
1.1697e-09
1.15977e-09
1.1398e-09
1.09297e-09
9.64601e-10
7.28432e-10
5.84033e-10
7.28432e-10
8.1552e-10
8.53083e-10
8.70643e-10
8.79485e-10
8.8372e-10
8.85397e-10
8.85397e-10
8.8372e-10
8.79485e-10
8.70643e-10
8.53083e-10
8.1552e-10
7.28432e-10
5.84033e-10
4.65221e-10
5.80248e-10
6.49622e-10
6.79545e-10
6.93534e-10
7.00577e-10
7.03951e-10
7.05287e-10
7.05287e-10
7.03951e-10
7.00577e-10
6.93534e-10
6.79545e-10
6.49622e-10
5.80248e-10
4.65221e-10
5.80248e-10
7.68379e-10
8.70637e-10
9.07946e-10
9.23854e-10
9.31765e-10
9.35603e-10
9.37157e-10
9.37157e-10
9.35603e-10
9.31765e-10
9.23854e-10
9.07946e-10
8.70637e-10
7.68379e-10
5.80248e-10
6.49622e-10
8.70637e-10
9.8987e-10
1.03299e-09
1.0512e-09
1.06028e-09
1.06473e-09
1.06655e-09
1.06655e-09
1.06473e-09
1.06028e-09
1.0512e-09
1.03299e-09
9.8987e-10
8.70637e-10
6.49622e-10
6.79545e-10
9.07946e-10
1.03299e-09
1.07987e-09
1.10024e-09
1.11054e-09
1.11564e-09
1.11775e-09
1.11775e-09
1.11564e-09
1.11054e-09
1.10024e-09
1.07987e-09
1.03299e-09
9.07946e-10
6.79545e-10
6.93534e-10
9.23854e-10
1.0512e-09
1.10024e-09
1.12212e-09
1.13334e-09
1.13898e-09
1.14133e-09
1.14133e-09
1.13898e-09
1.13334e-09
1.12212e-09
1.10024e-09
1.0512e-09
9.23854e-10
6.93534e-10
7.00577e-10
9.31765e-10
1.06028e-09
1.11054e-09
1.13334e-09
1.14519e-09
1.15119e-09
1.15371e-09
1.15371e-09
1.15119e-09
1.14519e-09
1.13334e-09
1.11054e-09
1.06028e-09
9.31765e-10
7.00577e-10
7.03951e-10
9.35603e-10
1.06473e-09
1.11564e-09
1.13898e-09
1.15119e-09
1.15742e-09
1.16004e-09
1.16004e-09
1.15742e-09
1.15119e-09
1.13898e-09
1.11564e-09
1.06473e-09
9.35603e-10
7.03951e-10
7.05287e-10
9.37157e-10
1.06655e-09
1.11775e-09
1.14133e-09
1.15371e-09
1.16004e-09
1.16271e-09
1.16271e-09
1.16004e-09
1.15371e-09
1.14133e-09
1.11775e-09
1.06655e-09
9.37157e-10
7.05287e-10
7.05287e-10
9.37157e-10
1.06655e-09
1.11775e-09
1.14133e-09
1.15371e-09
1.16004e-09
1.16271e-09
1.16271e-09
1.16004e-09
1.15371e-09
1.14133e-09
1.11775e-09
1.06655e-09
9.37157e-10
7.05287e-10
7.03951e-10
9.35603e-10
1.06473e-09
1.11564e-09
1.13898e-09
1.15119e-09
1.15742e-09
1.16004e-09
1.16004e-09
1.15742e-09
1.15119e-09
1.13898e-09
1.11564e-09
1.06473e-09
9.35603e-10
7.03951e-10
7.00577e-10
9.31765e-10
1.06028e-09
1.11054e-09
1.13334e-09
1.14519e-09
1.15119e-09
1.15371e-09
1.15371e-09
1.15119e-09
1.14519e-09
1.13334e-09
1.11054e-09
1.06028e-09
9.31765e-10
7.00577e-10
6.93534e-10
9.23854e-10
1.0512e-09
1.10024e-09
1.12212e-09
1.13334e-09
1.13898e-09
1.14133e-09
1.14133e-09
1.13898e-09
1.13334e-09
1.12212e-09
1.10024e-09
1.0512e-09
9.23854e-10
6.93534e-10
6.79545e-10
9.07946e-10
1.03299e-09
1.07987e-09
1.10024e-09
1.11054e-09
1.11564e-09
1.11775e-09
1.11775e-09
1.11564e-09
1.11054e-09
1.10024e-09
1.07987e-09
1.03299e-09
9.07946e-10
6.79545e-10
6.49622e-10
8.70637e-10
9.8987e-10
1.03299e-09
1.0512e-09
1.06028e-09
1.06473e-09
1.06655e-09
1.06655e-09
1.06473e-09
1.06028e-09
1.0512e-09
1.03299e-09
9.8987e-10
8.70637e-10
6.49622e-10
5.80248e-10
7.68379e-10
8.70637e-10
9.07946e-10
9.23854e-10
9.31765e-10
9.35603e-10
9.37157e-10
9.37157e-10
9.35603e-10
9.31765e-10
9.23854e-10
9.07946e-10
8.70637e-10
7.68379e-10
5.80248e-10
4.65221e-10
5.80248e-10
6.49622e-10
6.79545e-10
6.93534e-10
7.00577e-10
7.03951e-10
7.05287e-10
7.05287e-10
7.03951e-10
7.00577e-10
6.93534e-10
6.79545e-10
6.49622e-10
5.80248e-10
4.65221e-10
4.21555e-10
5.25779e-10
5.88636e-10
6.15748e-10
6.28423e-10
6.34804e-10
6.37861e-10
6.39071e-10
6.39071e-10
6.37861e-10
6.34804e-10
6.28423e-10
6.15748e-10
5.88636e-10
5.25779e-10
4.21555e-10
5.25779e-10
6.96239e-10
7.88891e-10
8.22695e-10
8.37109e-10
8.44277e-10
8.47755e-10
8.49162e-10
8.49162e-10
8.47755e-10
8.44277e-10
8.37109e-10
8.22695e-10
7.88891e-10
6.96239e-10
5.25779e-10
5.88636e-10
7.88891e-10
8.96923e-10
9.35989e-10
9.52494e-10
9.60721e-10
9.64753e-10
9.66404e-10
9.66404e-10
9.64753e-10
9.60721e-10
9.52494e-10
9.35989e-10
8.96923e-10
7.88891e-10
5.88636e-10
6.15748e-10
8.22695e-10
9.35989e-10
9.7847e-10
9.96928e-10
1.00626e-09
1.01088e-09
1.0128e-09
1.0128e-09
1.01088e-09
1.00626e-09
9.96928e-10
9.7847e-10
9.35989e-10
8.22695e-10
6.15748e-10
6.28423e-10
8.37109e-10
9.52494e-10
9.96928e-10
1.01675e-09
1.02692e-09
1.03203e-09
1.03415e-09
1.03415e-09
1.03203e-09
1.02692e-09
1.01675e-09
9.96928e-10
9.52494e-10
8.37109e-10
6.28423e-10
6.34804e-10
8.44277e-10
9.60721e-10
1.00626e-09
1.02692e-09
1.03766e-09
1.04309e-09
1.04537e-09
1.04537e-09
1.04309e-09
1.03766e-09
1.02692e-09
1.00626e-09
9.60721e-10
8.44277e-10
6.34804e-10
6.37861e-10
8.47755e-10
9.64753e-10
1.01088e-09
1.03203e-09
1.04309e-09
1.04874e-09
1.05111e-09
1.05111e-09
1.04874e-09
1.04309e-09
1.03203e-09
1.01088e-09
9.64753e-10
8.47755e-10
6.37861e-10
6.39071e-10
8.49162e-10
9.66404e-10
1.0128e-09
1.03415e-09
1.04537e-09
1.05111e-09
1.05353e-09
1.05353e-09
1.05111e-09
1.04537e-09
1.03415e-09
1.0128e-09
9.66404e-10
8.49162e-10
6.39071e-10
6.39071e-10
8.49162e-10
9.66404e-10
1.0128e-09
1.03415e-09
1.04537e-09
1.05111e-09
1.05353e-09
1.05353e-09
1.05111e-09
1.04537e-09
1.03415e-09
1.0128e-09
9.66404e-10
8.49162e-10
6.39071e-10
6.37861e-10
8.47755e-10
9.64753e-10
1.01088e-09
1.03203e-09
1.04309e-09
1.04874e-09
1.05111e-09
1.05111e-09
1.04874e-09
1.04309e-09
1.03203e-09
1.01088e-09
9.64753e-10
8.47755e-10
6.37861e-10
6.34804e-10
8.44277e-10
9.60721e-10
1.00626e-09
1.02692e-09
1.03766e-09
1.04309e-09
1.04537e-09
1.04537e-09
1.04309e-09
1.03766e-09
1.02692e-09
1.00626e-09
9.60721e-10
8.44277e-10
6.34804e-10
6.28423e-10
8.37109e-10
9.52494e-10
9.96928e-10
1.01675e-09
1.02692e-09
1.03203e-09
1.03415e-09
1.03415e-09
1.03203e-09
1.02692e-09
1.01675e-09
9.96928e-10
9.52494e-10
8.37109e-10
6.28423e-10
6.15748e-10
8.22695e-10
9.35989e-10
9.7847e-10
9.96928e-10
1.00626e-09
1.01088e-09
1.0128e-09
1.0128e-09
1.01088e-09
1.00626e-09
9.96928e-10
9.7847e-10
9.35989e-10
8.22695e-10
6.15748e-10
5.88636e-10
7.88891e-10
8.96923e-10
9.35989e-10
9.52494e-10
9.60721e-10
9.64753e-10
9.66404e-10
9.66404e-10
9.64753e-10
9.60721e-10
9.52494e-10
9.35989e-10
8.96923e-10
7.88891e-10
5.88636e-10
5.25779e-10
6.96239e-10
7.88891e-10
8.22695e-10
8.37109e-10
8.44277e-10
8.47755e-10
8.49162e-10
8.49162e-10
8.47755e-10
8.44277e-10
8.37109e-10
8.22695e-10
7.88891e-10
6.96239e-10
5.25779e-10
4.21555e-10
5.25779e-10
5.88636e-10
6.15748e-10
6.28423e-10
6.34804e-10
6.37861e-10
6.39071e-10
6.39071e-10
6.37861e-10
6.34804e-10
6.28423e-10
6.15748e-10
5.88636e-10
5.25779e-10
4.21555e-10
3.57377e-10
4.45736e-10
4.99026e-10
5.22012e-10
5.32757e-10
5.38168e-10
5.40759e-10
5.41785e-10
5.41785e-10
5.40759e-10
5.38168e-10
5.32757e-10
5.22012e-10
4.99026e-10
4.45736e-10
3.57377e-10
4.45736e-10
5.90251e-10
6.68801e-10
6.9746e-10
7.09679e-10
7.15757e-10
7.18705e-10
7.19898e-10
7.19898e-10
7.18705e-10
7.15757e-10
7.09679e-10
6.9746e-10
6.68801e-10
5.90251e-10
4.45736e-10
4.99026e-10
6.68801e-10
7.6039e-10
7.93509e-10
8.07502e-10
8.14477e-10
8.17895e-10
8.19295e-10
8.19295e-10
8.17895e-10
8.14477e-10
8.07502e-10
7.93509e-10
7.6039e-10
6.68801e-10
4.99026e-10
5.22012e-10
6.9746e-10
7.93509e-10
8.29524e-10
8.45173e-10
8.53081e-10
8.57003e-10
8.58625e-10
8.58625e-10
8.57003e-10
8.53081e-10
8.45173e-10
8.29524e-10
7.93509e-10
6.9746e-10
5.22012e-10
5.32757e-10
7.09679e-10
8.07502e-10
8.45173e-10
8.61977e-10
8.70601e-10
8.74929e-10
8.76733e-10
8.76733e-10
8.74929e-10
8.70601e-10
8.61977e-10
8.45173e-10
8.07502e-10
7.09679e-10
5.32757e-10
5.38168e-10
7.15757e-10
8.14477e-10
8.53081e-10
8.70601e-10
8.79701e-10
8.84311e-10
8.86245e-10
8.86245e-10
8.84311e-10
8.79701e-10
8.70601e-10
8.53081e-10
8.14477e-10
7.15757e-10
5.38168e-10
5.40759e-10
7.18705e-10
8.17895e-10
8.57003e-10
8.74929e-10
8.84311e-10
8.89094e-10
8.91109e-10
8.91109e-10
8.89094e-10
8.84311e-10
8.74929e-10
8.57003e-10
8.17895e-10
7.18705e-10
5.40759e-10
5.41785e-10
7.19898e-10
8.19295e-10
8.58625e-10
8.76733e-10
8.86245e-10
8.91109e-10
8.93162e-10
8.93162e-10
8.91109e-10
8.86245e-10
8.76733e-10
8.58625e-10
8.19295e-10
7.19898e-10
5.41785e-10
5.41785e-10
7.19898e-10
8.19295e-10
8.58625e-10
8.76733e-10
8.86245e-10
8.91109e-10
8.93162e-10
8.93162e-10
8.91109e-10
8.86245e-10
8.76733e-10
8.58625e-10
8.19295e-10
7.19898e-10
5.41785e-10
5.40759e-10
7.18705e-10
8.17895e-10
8.57003e-10
8.74929e-10
8.84311e-10
8.89094e-10
8.91109e-10
8.91109e-10
8.89094e-10
8.84311e-10
8.74929e-10
8.57003e-10
8.17895e-10
7.18705e-10
5.40759e-10
5.38168e-10
7.15757e-10
8.14477e-10
8.53081e-10
8.70601e-10
8.79701e-10
8.84311e-10
8.86245e-10
8.86245e-10
8.84311e-10
8.79701e-10
8.70601e-10
8.53081e-10
8.14477e-10
7.15757e-10
5.38168e-10
5.32757e-10
7.09679e-10
8.07502e-10
8.45173e-10
8.61977e-10
8.70601e-10
8.74929e-10
8.76733e-10
8.76733e-10
8.74929e-10
8.70601e-10
8.61977e-10
8.45173e-10
8.07502e-10
7.09679e-10
5.32757e-10
5.22012e-10
6.9746e-10
7.93509e-10
8.29524e-10
8.45173e-10
8.53081e-10
8.57003e-10
8.58625e-10
8.58625e-10
8.57003e-10
8.53081e-10
8.45173e-10
8.29524e-10
7.93509e-10
6.9746e-10
5.22012e-10
4.99026e-10
6.68801e-10
7.6039e-10
7.93509e-10
8.07502e-10
8.14477e-10
8.17895e-10
8.19295e-10
8.19295e-10
8.17895e-10
8.14477e-10
8.07502e-10
7.93509e-10
7.6039e-10
6.68801e-10
4.99026e-10
4.45736e-10
5.90251e-10
6.68801e-10
6.9746e-10
7.09679e-10
7.15757e-10
7.18705e-10
7.19898e-10
7.19898e-10
7.18705e-10
7.15757e-10
7.09679e-10
6.9746e-10
6.68801e-10
5.90251e-10
4.45736e-10
3.57377e-10
4.45736e-10
4.99026e-10
5.22012e-10
5.32757e-10
5.38168e-10
5.40759e-10
5.41785e-10
5.41785e-10
5.40759e-10
5.38168e-10
5.32757e-10
5.22012e-10
4.99026e-10
4.45736e-10
3.57377e-10
3.24155e-10
4.04301e-10
4.52637e-10
4.73486e-10
4.83233e-10
4.8814e-10
4.90491e-10
4.91422e-10
4.91422e-10
4.90491e-10
4.8814e-10
4.83233e-10
4.73486e-10
4.52637e-10
4.04301e-10
3.24155e-10
4.04301e-10
5.35382e-10
6.06631e-10
6.32626e-10
6.4371e-10
6.49222e-10
6.51896e-10
6.52979e-10
6.52979e-10
6.51896e-10
6.49222e-10
6.4371e-10
6.32626e-10
6.06631e-10
5.35382e-10
4.04301e-10
4.52637e-10
6.06631e-10
6.89706e-10
7.19747e-10
7.3244e-10
7.38766e-10
7.41867e-10
7.43136e-10
7.43136e-10
7.41867e-10
7.38766e-10
7.3244e-10
7.19747e-10
6.89706e-10
6.06631e-10
4.52637e-10
4.73486e-10
6.32626e-10
7.19747e-10
7.52414e-10
7.66609e-10
7.73782e-10
7.77339e-10
7.7881e-10
7.7881e-10
7.77339e-10
7.73782e-10
7.66609e-10
7.52414e-10
7.19747e-10
6.32626e-10
4.73486e-10
4.83233e-10
6.4371e-10
7.3244e-10
7.66609e-10
7.81851e-10
7.89673e-10
7.93599e-10
7.95235e-10
7.95235e-10
7.93599e-10
7.89673e-10
7.81851e-10
7.66609e-10
7.3244e-10
6.4371e-10
4.83233e-10
4.8814e-10
6.49222e-10
7.38766e-10
7.73782e-10
7.89673e-10
7.97927e-10
8.02109e-10
8.03863e-10
8.03863e-10
8.02109e-10
7.97927e-10
7.89673e-10
7.73782e-10
7.38766e-10
6.49222e-10
4.8814e-10
4.90491e-10
6.51896e-10
7.41867e-10
7.77339e-10
7.93599e-10
8.02109e-10
8.06448e-10
8.08275e-10
8.08275e-10
8.06448e-10
8.02109e-10
7.93599e-10
7.77339e-10
7.41867e-10
6.51896e-10
4.90491e-10
4.91422e-10
6.52979e-10
7.43136e-10
7.7881e-10
7.95235e-10
8.03863e-10
8.08275e-10
8.10137e-10
8.10137e-10
8.08275e-10
8.03863e-10
7.95235e-10
7.7881e-10
7.43136e-10
6.52979e-10
4.91422e-10
4.91422e-10
6.52979e-10
7.43136e-10
7.7881e-10
7.95235e-10
8.03863e-10
8.08275e-10
8.10137e-10
8.10137e-10
8.08275e-10
8.03863e-10
7.95235e-10
7.7881e-10
7.43136e-10
6.52979e-10
4.91422e-10
4.90491e-10
6.51896e-10
7.41867e-10
7.77339e-10
7.93599e-10
8.02109e-10
8.06448e-10
8.08275e-10
8.08275e-10
8.06448e-10
8.02109e-10
7.93599e-10
7.77339e-10
7.41867e-10
6.51896e-10
4.90491e-10
4.8814e-10
6.49222e-10
7.38766e-10
7.73782e-10
7.89673e-10
7.97927e-10
8.02109e-10
8.03863e-10
8.03863e-10
8.02109e-10
7.97927e-10
7.89673e-10
7.73782e-10
7.38766e-10
6.49222e-10
4.8814e-10
4.83233e-10
6.4371e-10
7.3244e-10
7.66609e-10
7.81851e-10
7.89673e-10
7.93599e-10
7.95235e-10
7.95235e-10
7.93599e-10
7.89673e-10
7.81851e-10
7.66609e-10
7.3244e-10
6.4371e-10
4.83233e-10
4.73486e-10
6.32626e-10
7.19747e-10
7.52414e-10
7.66609e-10
7.73782e-10
7.77339e-10
7.7881e-10
7.7881e-10
7.77339e-10
7.73782e-10
7.66609e-10
7.52414e-10
7.19747e-10
6.32626e-10
4.73486e-10
4.52637e-10
6.06631e-10
6.89706e-10
7.19747e-10
7.3244e-10
7.38766e-10
7.41867e-10
7.43136e-10
7.43136e-10
7.41867e-10
7.38766e-10
7.3244e-10
7.19747e-10
6.89706e-10
6.06631e-10
4.52637e-10
4.04301e-10
5.35382e-10
6.06631e-10
6.32626e-10
6.4371e-10
6.49222e-10
6.51896e-10
6.52979e-10
6.52979e-10
6.51896e-10
6.49222e-10
6.4371e-10
6.32626e-10
6.06631e-10
5.35382e-10
4.04301e-10
3.24155e-10
4.04301e-10
4.52637e-10
4.73486e-10
4.83233e-10
4.8814e-10
4.90491e-10
4.91422e-10
4.91422e-10
4.90491e-10
4.8814e-10
4.83233e-10
4.73486e-10
4.52637e-10
4.04301e-10
3.24155e-10
2.68601e-10
3.35008e-10
3.75058e-10
3.92332e-10
4.00408e-10
4.04474e-10
4.06422e-10
4.07193e-10
4.07193e-10
4.06422e-10
4.04474e-10
4.00408e-10
3.92332e-10
3.75058e-10
3.35008e-10
2.68601e-10
3.35008e-10
4.43617e-10
5.02651e-10
5.2419e-10
5.33373e-10
5.3794e-10
5.40156e-10
5.41053e-10
5.41053e-10
5.40156e-10
5.3794e-10
5.33373e-10
5.2419e-10
5.02651e-10
4.43617e-10
3.35008e-10
3.75058e-10
5.02651e-10
5.71484e-10
5.96375e-10
6.06892e-10
6.12134e-10
6.14702e-10
6.15754e-10
6.15754e-10
6.14702e-10
6.12134e-10
6.06892e-10
5.96375e-10
5.71484e-10
5.02651e-10
3.75058e-10
3.92332e-10
5.2419e-10
5.96375e-10
6.23442e-10
6.35203e-10
6.41146e-10
6.44094e-10
6.45313e-10
6.45313e-10
6.44094e-10
6.41146e-10
6.35203e-10
6.23442e-10
5.96375e-10
5.2419e-10
3.92332e-10
4.00408e-10
5.33373e-10
6.06892e-10
6.35203e-10
6.47832e-10
6.54313e-10
6.57566e-10
6.58922e-10
6.58922e-10
6.57566e-10
6.54313e-10
6.47832e-10
6.35203e-10
6.06892e-10
5.33373e-10
4.00408e-10
4.04474e-10
5.3794e-10
6.12134e-10
6.41146e-10
6.54313e-10
6.61152e-10
6.64617e-10
6.6607e-10
6.6607e-10
6.64617e-10
6.61152e-10
6.54313e-10
6.41146e-10
6.12134e-10
5.3794e-10
4.04474e-10
4.06422e-10
5.40156e-10
6.14702e-10
6.44094e-10
6.57566e-10
6.64617e-10
6.68212e-10
6.69726e-10
6.69726e-10
6.68212e-10
6.64617e-10
6.57566e-10
6.44094e-10
6.14702e-10
5.40156e-10
4.06422e-10
4.07193e-10
5.41053e-10
6.15754e-10
6.45313e-10
6.58922e-10
6.6607e-10
6.69726e-10
6.71269e-10
6.71269e-10
6.69726e-10
6.6607e-10
6.58922e-10
6.45313e-10
6.15754e-10
5.41053e-10
4.07193e-10
4.07193e-10
5.41053e-10
6.15754e-10
6.45313e-10
6.58922e-10
6.6607e-10
6.69726e-10
6.71269e-10
6.71269e-10
6.69726e-10
6.6607e-10
6.58922e-10
6.45313e-10
6.15754e-10
5.41053e-10
4.07193e-10
4.06422e-10
5.40156e-10
6.14702e-10
6.44094e-10
6.57566e-10
6.64617e-10
6.68212e-10
6.69726e-10
6.69726e-10
6.68212e-10
6.64617e-10
6.57566e-10
6.44094e-10
6.14702e-10
5.40156e-10
4.06422e-10
4.04474e-10
5.3794e-10
6.12134e-10
6.41146e-10
6.54313e-10
6.61152e-10
6.64617e-10
6.6607e-10
6.6607e-10
6.64617e-10
6.61152e-10
6.54313e-10
6.41146e-10
6.12134e-10
5.3794e-10
4.04474e-10
4.00408e-10
5.33373e-10
6.06892e-10
6.35203e-10
6.47832e-10
6.54313e-10
6.57566e-10
6.58922e-10
6.58922e-10
6.57566e-10
6.54313e-10
6.47832e-10
6.35203e-10
6.06892e-10
5.33373e-10
4.00408e-10
3.92332e-10
5.2419e-10
5.96375e-10
6.23442e-10
6.35203e-10
6.41146e-10
6.44094e-10
6.45313e-10
6.45313e-10
6.44094e-10
6.41146e-10
6.35203e-10
6.23442e-10
5.96375e-10
5.2419e-10
3.92332e-10
3.75058e-10
5.02651e-10
5.71484e-10
5.96375e-10
6.06892e-10
6.12134e-10
6.14702e-10
6.15754e-10
6.15754e-10
6.14702e-10
6.12134e-10
6.06892e-10
5.96375e-10
5.71484e-10
5.02651e-10
3.75058e-10
3.35008e-10
4.43617e-10
5.02651e-10
5.2419e-10
5.33373e-10
5.3794e-10
5.40156e-10
5.41053e-10
5.41053e-10
5.40156e-10
5.3794e-10
5.33373e-10
5.2419e-10
5.02651e-10
4.43617e-10
3.35008e-10
2.68601e-10
3.35008e-10
3.75058e-10
3.92332e-10
4.00408e-10
4.04474e-10
4.06422e-10
4.07193e-10
4.07193e-10
4.06422e-10
4.04474e-10
4.00408e-10
3.92332e-10
3.75058e-10
3.35008e-10
2.68601e-10
1.72893e-10
2.15637e-10
2.41416e-10
2.52535e-10
2.57733e-10
2.6035e-10
2.61604e-10
2.621e-10
2.621e-10
2.61604e-10
2.6035e-10
2.57733e-10
2.52535e-10
2.41416e-10
2.15637e-10
1.72893e-10
2.15637e-10
2.85545e-10
3.23543e-10
3.37407e-10
3.43318e-10
3.46258e-10
3.47684e-10
3.48262e-10
3.48262e-10
3.47684e-10
3.46258e-10
3.43318e-10
3.37407e-10
3.23543e-10
2.85545e-10
2.15637e-10
2.41416e-10
3.23543e-10
3.67849e-10
3.8387e-10
3.9064e-10
3.94014e-10
3.95667e-10
3.96344e-10
3.96344e-10
3.95667e-10
3.94014e-10
3.9064e-10
3.8387e-10
3.67849e-10
3.23543e-10
2.41416e-10
2.52535e-10
3.37407e-10
3.8387e-10
4.01292e-10
4.08862e-10
4.12688e-10
4.14585e-10
4.1537e-10
4.1537e-10
4.14585e-10
4.12688e-10
4.08862e-10
4.01292e-10
3.8387e-10
3.37407e-10
2.52535e-10
2.57733e-10
3.43318e-10
3.9064e-10
4.08862e-10
4.16991e-10
4.21163e-10
4.23257e-10
4.2413e-10
4.2413e-10
4.23257e-10
4.21163e-10
4.16991e-10
4.08862e-10
3.9064e-10
3.43318e-10
2.57733e-10
2.6035e-10
3.46258e-10
3.94014e-10
4.12688e-10
4.21163e-10
4.25565e-10
4.27796e-10
4.28731e-10
4.28731e-10
4.27796e-10
4.25565e-10
4.21163e-10
4.12688e-10
3.94014e-10
3.46258e-10
2.6035e-10
2.61604e-10
3.47684e-10
3.95667e-10
4.14585e-10
4.23257e-10
4.27796e-10
4.3011e-10
4.31084e-10
4.31084e-10
4.3011e-10
4.27796e-10
4.23257e-10
4.14585e-10
3.95667e-10
3.47684e-10
2.61604e-10
2.621e-10
3.48262e-10
3.96344e-10
4.1537e-10
4.2413e-10
4.28731e-10
4.31084e-10
4.32077e-10
4.32077e-10
4.31084e-10
4.28731e-10
4.2413e-10
4.1537e-10
3.96344e-10
3.48262e-10
2.621e-10
2.621e-10
3.48262e-10
3.96344e-10
4.1537e-10
4.2413e-10
4.28731e-10
4.31084e-10
4.32077e-10
4.32077e-10
4.31084e-10
4.28731e-10
4.2413e-10
4.1537e-10
3.96344e-10
3.48262e-10
2.621e-10
2.61604e-10
3.47684e-10
3.95667e-10
4.14585e-10
4.23257e-10
4.27796e-10
4.3011e-10
4.31084e-10
4.31084e-10
4.3011e-10
4.27796e-10
4.23257e-10
4.14585e-10
3.95667e-10
3.47684e-10
2.61604e-10
2.6035e-10
3.46258e-10
3.94014e-10
4.12688e-10
4.21163e-10
4.25565e-10
4.27796e-10
4.28731e-10
4.28731e-10
4.27796e-10
4.25565e-10
4.21163e-10
4.12688e-10
3.94014e-10
3.46258e-10
2.6035e-10
2.57733e-10
3.43318e-10
3.9064e-10
4.08862e-10
4.16991e-10
4.21163e-10
4.23257e-10
4.2413e-10
4.2413e-10
4.23257e-10
4.21163e-10
4.16991e-10
4.08862e-10
3.9064e-10
3.43318e-10
2.57733e-10
2.52535e-10
3.37407e-10
3.8387e-10
4.01292e-10
4.08862e-10
4.12688e-10
4.14585e-10
4.1537e-10
4.1537e-10
4.14585e-10
4.12688e-10
4.08862e-10
4.01292e-10
3.8387e-10
3.37407e-10
2.52535e-10
2.41416e-10
3.23543e-10
3.67849e-10
3.8387e-10
3.9064e-10
3.94014e-10
3.95667e-10
3.96344e-10
3.96344e-10
3.95667e-10
3.94014e-10
3.9064e-10
3.8387e-10
3.67849e-10
3.23543e-10
2.41416e-10
2.15637e-10
2.85545e-10
3.23543e-10
3.37407e-10
3.43318e-10
3.46258e-10
3.47684e-10
3.48262e-10
3.48262e-10
3.47684e-10
3.46258e-10
3.43318e-10
3.37407e-10
3.23543e-10
2.85545e-10
2.15637e-10
1.72893e-10
2.15637e-10
2.41416e-10
2.52535e-10
2.57733e-10
2.6035e-10
2.61604e-10
2.621e-10
2.621e-10
2.61604e-10
2.6035e-10
2.57733e-10
2.52535e-10
2.41416e-10
2.15637e-10
1.72893e-10
1.35733e-10
1.69289e-10
1.89526e-10
1.98254e-10
2.02335e-10
2.04389e-10
2.05374e-10
2.05763e-10
2.05763e-10
2.05374e-10
2.04389e-10
2.02335e-10
1.98254e-10
1.89526e-10
1.69289e-10
1.35733e-10
1.69289e-10
2.24169e-10
2.53998e-10
2.64882e-10
2.69522e-10
2.7183e-10
2.7295e-10
2.73403e-10
2.73403e-10
2.7295e-10
2.7183e-10
2.69522e-10
2.64882e-10
2.53998e-10
2.24169e-10
1.69289e-10
1.89526e-10
2.53998e-10
2.88779e-10
3.01357e-10
3.06671e-10
3.0932e-10
3.10618e-10
3.11149e-10
3.11149e-10
3.10618e-10
3.0932e-10
3.06671e-10
3.01357e-10
2.88779e-10
2.53998e-10
1.89526e-10
1.98254e-10
2.64882e-10
3.01357e-10
3.15034e-10
3.20976e-10
3.23979e-10
3.25469e-10
3.26085e-10
3.26085e-10
3.25469e-10
3.23979e-10
3.20976e-10
3.15034e-10
3.01357e-10
2.64882e-10
1.98254e-10
2.02335e-10
2.69522e-10
3.06671e-10
3.20976e-10
3.27358e-10
3.30633e-10
3.32277e-10
3.32962e-10
3.32962e-10
3.32277e-10
3.30633e-10
3.27358e-10
3.20976e-10
3.06671e-10
2.69522e-10
2.02335e-10
2.04389e-10
2.7183e-10
3.0932e-10
3.23979e-10
3.30633e-10
3.34089e-10
3.3584e-10
3.36574e-10
3.36574e-10
3.3584e-10
3.34089e-10
3.30633e-10
3.23979e-10
3.0932e-10
2.7183e-10
2.04389e-10
2.05374e-10
2.7295e-10
3.10618e-10
3.25469e-10
3.32277e-10
3.3584e-10
3.37656e-10
3.38421e-10
3.38421e-10
3.37656e-10
3.3584e-10
3.32277e-10
3.25469e-10
3.10618e-10
2.7295e-10
2.05374e-10
2.05763e-10
2.73403e-10
3.11149e-10
3.26085e-10
3.32962e-10
3.36574e-10
3.38421e-10
3.39201e-10
3.39201e-10
3.38421e-10
3.36574e-10
3.32962e-10
3.26085e-10
3.11149e-10
2.73403e-10
2.05763e-10
2.05763e-10
2.73403e-10
3.11149e-10
3.26085e-10
3.32962e-10
3.36574e-10
3.38421e-10
3.39201e-10
3.39201e-10
3.38421e-10
3.36574e-10
3.32962e-10
3.26085e-10
3.11149e-10
2.73403e-10
2.05763e-10
2.05374e-10
2.7295e-10
3.10618e-10
3.25469e-10
3.32277e-10
3.3584e-10
3.37656e-10
3.38421e-10
3.38421e-10
3.37656e-10
3.3584e-10
3.32277e-10
3.25469e-10
3.10618e-10
2.7295e-10
2.05374e-10
2.04389e-10
2.7183e-10
3.0932e-10
3.23979e-10
3.30633e-10
3.34089e-10
3.3584e-10
3.36574e-10
3.36574e-10
3.3584e-10
3.34089e-10
3.30633e-10
3.23979e-10
3.0932e-10
2.7183e-10
2.04389e-10
2.02335e-10
2.69522e-10
3.06671e-10
3.20976e-10
3.27358e-10
3.30633e-10
3.32277e-10
3.32962e-10
3.32962e-10
3.32277e-10
3.30633e-10
3.27358e-10
3.20976e-10
3.06671e-10
2.69522e-10
2.02335e-10
1.98254e-10
2.64882e-10
3.01357e-10
3.15034e-10
3.20976e-10
3.23979e-10
3.25469e-10
3.26085e-10
3.26085e-10
3.25469e-10
3.23979e-10
3.20976e-10
3.15034e-10
3.01357e-10
2.64882e-10
1.98254e-10
1.89526e-10
2.53998e-10
2.88779e-10
3.01357e-10
3.06671e-10
3.0932e-10
3.10618e-10
3.11149e-10
3.11149e-10
3.10618e-10
3.0932e-10
3.06671e-10
3.01357e-10
2.88779e-10
2.53998e-10
1.89526e-10
1.69289e-10
2.24169e-10
2.53998e-10
2.64882e-10
2.69522e-10
2.7183e-10
2.7295e-10
2.73403e-10
2.73403e-10
2.7295e-10
2.7183e-10
2.69522e-10
2.64882e-10
2.53998e-10
2.24169e-10
1.69289e-10
1.35733e-10
1.69289e-10
1.89526e-10
1.98254e-10
2.02335e-10
2.04389e-10
2.05374e-10
2.05763e-10
2.05763e-10
2.05374e-10
2.04389e-10
2.02335e-10
1.98254e-10
1.89526e-10
1.69289e-10
1.35733e-10
7.04468e-11
8.78608e-11
9.83626e-11
1.02892e-10
1.0501e-10
1.06076e-10
1.06587e-10
1.06789e-10
1.06789e-10
1.06587e-10
1.06076e-10
1.0501e-10
1.02892e-10
9.83626e-11
8.78608e-11
7.04468e-11
8.78608e-11
1.16341e-10
1.31821e-10
1.37469e-10
1.39877e-10
1.41075e-10
1.41656e-10
1.41891e-10
1.41891e-10
1.41656e-10
1.41075e-10
1.39877e-10
1.37469e-10
1.31821e-10
1.16341e-10
8.78608e-11
9.83626e-11
1.31821e-10
1.49871e-10
1.56398e-10
1.59155e-10
1.6053e-10
1.61203e-10
1.61479e-10
1.61479e-10
1.61203e-10
1.6053e-10
1.59155e-10
1.56398e-10
1.49871e-10
1.31821e-10
9.83626e-11
1.02892e-10
1.37469e-10
1.56398e-10
1.63495e-10
1.66579e-10
1.68138e-10
1.68911e-10
1.6923e-10
1.6923e-10
1.68911e-10
1.68138e-10
1.66579e-10
1.63495e-10
1.56398e-10
1.37469e-10
1.02892e-10
1.0501e-10
1.39877e-10
1.59155e-10
1.66579e-10
1.69891e-10
1.7159e-10
1.72443e-10
1.72799e-10
1.72799e-10
1.72443e-10
1.7159e-10
1.69891e-10
1.66579e-10
1.59155e-10
1.39877e-10
1.0501e-10
1.06076e-10
1.41075e-10
1.6053e-10
1.68138e-10
1.7159e-10
1.73384e-10
1.74293e-10
1.74674e-10
1.74674e-10
1.74293e-10
1.73384e-10
1.7159e-10
1.68138e-10
1.6053e-10
1.41075e-10
1.06076e-10
1.06587e-10
1.41656e-10
1.61203e-10
1.68911e-10
1.72443e-10
1.74293e-10
1.75235e-10
1.75632e-10
1.75632e-10
1.75235e-10
1.74293e-10
1.72443e-10
1.68911e-10
1.61203e-10
1.41656e-10
1.06587e-10
1.06789e-10
1.41891e-10
1.61479e-10
1.6923e-10
1.72799e-10
1.74674e-10
1.75632e-10
1.76037e-10
1.76037e-10
1.75632e-10
1.74674e-10
1.72799e-10
1.6923e-10
1.61479e-10
1.41891e-10
1.06789e-10
1.06789e-10
1.41891e-10
1.61479e-10
1.6923e-10
1.72799e-10
1.74674e-10
1.75632e-10
1.76037e-10
1.76037e-10
1.75632e-10
1.74674e-10
1.72799e-10
1.6923e-10
1.61479e-10
1.41891e-10
1.06789e-10
1.06587e-10
1.41656e-10
1.61203e-10
1.68911e-10
1.72443e-10
1.74293e-10
1.75235e-10
1.75632e-10
1.75632e-10
1.75235e-10
1.74293e-10
1.72443e-10
1.68911e-10
1.61203e-10
1.41656e-10
1.06587e-10
1.06076e-10
1.41075e-10
1.6053e-10
1.68138e-10
1.7159e-10
1.73384e-10
1.74293e-10
1.74674e-10
1.74674e-10
1.74293e-10
1.73384e-10
1.7159e-10
1.68138e-10
1.6053e-10
1.41075e-10
1.06076e-10
1.0501e-10
1.39877e-10
1.59155e-10
1.66579e-10
1.69891e-10
1.7159e-10
1.72443e-10
1.72799e-10
1.72799e-10
1.72443e-10
1.7159e-10
1.69891e-10
1.66579e-10
1.59155e-10
1.39877e-10
1.0501e-10
1.02892e-10
1.37469e-10
1.56398e-10
1.63495e-10
1.66579e-10
1.68138e-10
1.68911e-10
1.6923e-10
1.6923e-10
1.68911e-10
1.68138e-10
1.66579e-10
1.63495e-10
1.56398e-10
1.37469e-10
1.02892e-10
9.83626e-11
1.31821e-10
1.49871e-10
1.56398e-10
1.59155e-10
1.6053e-10
1.61203e-10
1.61479e-10
1.61479e-10
1.61203e-10
1.6053e-10
1.59155e-10
1.56398e-10
1.49871e-10
1.31821e-10
9.83626e-11
8.78608e-11
1.16341e-10
1.31821e-10
1.37469e-10
1.39877e-10
1.41075e-10
1.41656e-10
1.41891e-10
1.41891e-10
1.41656e-10
1.41075e-10
1.39877e-10
1.37469e-10
1.31821e-10
1.16341e-10
8.78608e-11
7.04468e-11
8.78608e-11
9.83626e-11
1.02892e-10
1.0501e-10
1.06076e-10
1.06587e-10
1.06789e-10
1.06789e-10
1.06587e-10
1.06076e-10
1.0501e-10
1.02892e-10
9.83626e-11
8.78608e-11
7.04468e-11
0
0
0
0
0
0
0
0
0
0
0
0
0
0
0
0
0
0
0
0
0
0
0
0
0
0
0
0
0
0
0
0
0
0
0
0
0
0
0
0
0
0
0
0
0
0
0
0
0
0
0
0
0
0
0
0
0
0
0
0
0
0
0
0
0
0
0
0
0
0
0
0
0
0
0
0
0
0
0
0
0
0
0
0
0
0
0
0
0
0
0
0
0
0
0
0
0
0
0
0
0
0
0
0
0
0
0
0
0
0
0
0
0
0
0
0
0
0
0
0
0
0
0
0
0
0
0
0
0
0
0
0
0
0
0
0
0
0
0
0
0
0
0
0
0
0
0
0
0
0
0
0
0
0
0
0
0
0
0
0
0
0
0
0
0
0
0
0
0
0
0
0
0
0
0
0
0
0
0
0
0
0
0
0
0
0
0
0
0
0
0
0
0
0
0
0
0
0
0
0
0
0
0
0
0
0
0
0
0
0
0
0
0
0
0
0
0
0
0
0
0
0
0
0
0
0
0
0
0
0
0
0
0
0
0
0
0
0
0
0
0
0
0
0
0
0
0
0
0
0
0
0
0
0
0
0
