5.13048e-06
6.39896e-06
7.16398e-06
7.49394e-06
7.64819e-06
7.72585e-06
7.76306e-06
7.77778e-06
7.77778e-06
7.76306e-06
7.72585e-06
7.64819e-06
7.49394e-06
7.16398e-06
6.39896e-06
5.13048e-06
6.39896e-06
8.47361e-06
9.60124e-06
1.00126e-05
1.0188e-05
1.02753e-05
1.03176e-05
1.03347e-05
1.03347e-05
1.03176e-05
1.02753e-05
1.0188e-05
1.00126e-05
9.60124e-06
8.47361e-06
6.39896e-06
7.16398e-06
9.60124e-06
1.09161e-05
1.13915e-05
1.15923e-05
1.16925e-05
1.17415e-05
1.17616e-05
1.17616e-05
1.17415e-05
1.16925e-05
1.15923e-05
1.13915e-05
1.09161e-05
9.60124e-06
7.16398e-06
7.49394e-06
1.00126e-05
1.13915e-05
1.19085e-05
1.21331e-05
1.22466e-05
1.23029e-05
1.23262e-05
1.23262e-05
1.23029e-05
1.22466e-05
1.21331e-05
1.19085e-05
1.13915e-05
1.00126e-05
7.49394e-06
7.64819e-06
1.0188e-05
1.15923e-05
1.21331e-05
1.23743e-05
1.24981e-05
1.25602e-05
1.25861e-05
1.25861e-05
1.25602e-05
1.24981e-05
1.23743e-05
1.21331e-05
1.15923e-05
1.0188e-05
7.64819e-06
7.72585e-06
1.02753e-05
1.16925e-05
1.22466e-05
1.24981e-05
1.26287e-05
1.26949e-05
1.27226e-05
1.27226e-05
1.26949e-05
1.26287e-05
1.24981e-05
1.22466e-05
1.16925e-05
1.02753e-05
7.72585e-06
7.76306e-06
1.03176e-05
1.17415e-05
1.23029e-05
1.25602e-05
1.26949e-05
1.27635e-05
1.27924e-05
1.27924e-05
1.27635e-05
1.26949e-05
1.25602e-05
1.23029e-05
1.17415e-05
1.03176e-05
7.76306e-06
7.77778e-06
1.03347e-05
1.17616e-05
1.23262e-05
1.25861e-05
1.27226e-05
1.27924e-05
1.28219e-05
1.28219e-05
1.27924e-05
1.27226e-05
1.25861e-05
1.23262e-05
1.17616e-05
1.03347e-05
7.77778e-06
7.77778e-06
1.03347e-05
1.17616e-05
1.23262e-05
1.25861e-05
1.27226e-05
1.27924e-05
1.28219e-05
1.28219e-05
1.27924e-05
1.27226e-05
1.25861e-05
1.23262e-05
1.17616e-05
1.03347e-05
7.77778e-06
7.76306e-06
1.03176e-05
1.17415e-05
1.23029e-05
1.25602e-05
1.26949e-05
1.27635e-05
1.27924e-05
1.27924e-05
1.27635e-05
1.26949e-05
1.25602e-05
1.23029e-05
1.17415e-05
1.03176e-05
7.76306e-06
7.72585e-06
1.02753e-05
1.16925e-05
1.22466e-05
1.24981e-05
1.26287e-05
1.26949e-05
1.27226e-05
1.27226e-05
1.26949e-05
1.26287e-05
1.24981e-05
1.22466e-05
1.16925e-05
1.02753e-05
7.72585e-06
7.64819e-06
1.0188e-05
1.15923e-05
1.21331e-05
1.23743e-05
1.24981e-05
1.25602e-05
1.25861e-05
1.25861e-05
1.25602e-05
1.24981e-05
1.23743e-05
1.21331e-05
1.15923e-05
1.0188e-05
7.64819e-06
7.49394e-06
1.00126e-05
1.13915e-05
1.19085e-05
1.21331e-05
1.22466e-05
1.23029e-05
1.23262e-05
1.23262e-05
1.23029e-05
1.22466e-05
1.21331e-05
1.19085e-05
1.13915e-05
1.00126e-05
7.49394e-06
7.16398e-06
9.60124e-06
1.09161e-05
1.13915e-05
1.15923e-05
1.16925e-05
1.17415e-05
1.17616e-05
1.17616e-05
1.17415e-05
1.16925e-05
1.15923e-05
1.13915e-05
1.09161e-05
9.60124e-06
7.16398e-06
6.39896e-06
8.47361e-06
9.60124e-06
1.00126e-05
1.0188e-05
1.02753e-05
1.03176e-05
1.03347e-05
1.03347e-05
1.03176e-05
1.02753e-05
1.0188e-05
1.00126e-05
9.60124e-06
8.47361e-06
6.39896e-06
5.13048e-06
6.39896e-06
7.16398e-06
7.49394e-06
7.64819e-06
7.72585e-06
7.76306e-06
7.77778e-06
7.77778e-06
7.76306e-06
7.72585e-06
7.64819e-06
7.49394e-06
7.16398e-06
6.39896e-06
5.13048e-06
1.67439e-06
2.08836e-06
2.33803e-06
2.44572e-06
2.49606e-06
2.52141e-06
2.53355e-06
2.53836e-06
2.53836e-06
2.53355e-06
2.52141e-06
2.49606e-06
2.44572e-06
2.33803e-06
2.08836e-06
1.67439e-06
2.08836e-06
2.76543e-06
3.13345e-06
3.26772e-06
3.32497e-06
3.35344e-06
3.36725e-06
3.37284e-06
3.37284e-06
3.36725e-06
3.35344e-06
3.32497e-06
3.26772e-06
3.13345e-06
2.76543e-06
2.08836e-06
2.33803e-06
3.13345e-06
3.56255e-06
3.71772e-06
3.78328e-06
3.81595e-06
3.83197e-06
3.83853e-06
3.83853e-06
3.83197e-06
3.81595e-06
3.78328e-06
3.71772e-06
3.56255e-06
3.13345e-06
2.33803e-06
2.44572e-06
3.26772e-06
3.71772e-06
3.88645e-06
3.95977e-06
3.99681e-06
4.01519e-06
4.02279e-06
4.02279e-06
4.01519e-06
3.99681e-06
3.95977e-06
3.88645e-06
3.71772e-06
3.26772e-06
2.44572e-06
2.49606e-06
3.32497e-06
3.78328e-06
3.95977e-06
4.03849e-06
4.0789e-06
4.09918e-06
4.10763e-06
4.10763e-06
4.09918e-06
4.0789e-06
4.03849e-06
3.95977e-06
3.78328e-06
3.32497e-06
2.49606e-06
2.52141e-06
3.35344e-06
3.81595e-06
3.99681e-06
4.0789e-06
4.12153e-06
4.14313e-06
4.15219e-06
4.15219e-06
4.14313e-06
4.12153e-06
4.0789e-06
3.99681e-06
3.81595e-06
3.35344e-06
2.52141e-06
2.53355e-06
3.36725e-06
3.83197e-06
4.01519e-06
4.09918e-06
4.14313e-06
4.16554e-06
4.17498e-06
4.17498e-06
4.16554e-06
4.14313e-06
4.09918e-06
4.01519e-06
3.83197e-06
3.36725e-06
2.53355e-06
2.53836e-06
3.37284e-06
3.83853e-06
4.02279e-06
4.10763e-06
4.15219e-06
4.17498e-06
4.1846e-06
4.1846e-06
4.17498e-06
4.15219e-06
4.10763e-06
4.02279e-06
3.83853e-06
3.37284e-06
2.53836e-06
2.53836e-06
3.37284e-06
3.83853e-06
4.02279e-06
4.10763e-06
4.15219e-06
4.17498e-06
4.1846e-06
4.1846e-06
4.17498e-06
4.15219e-06
4.10763e-06
4.02279e-06
3.83853e-06
3.37284e-06
2.53836e-06
2.53355e-06
3.36725e-06
3.83197e-06
4.01519e-06
4.09918e-06
4.14313e-06
4.16554e-06
4.17498e-06
4.17498e-06
4.16554e-06
4.14313e-06
4.09918e-06
4.01519e-06
3.83197e-06
3.36725e-06
2.53355e-06
2.52141e-06
3.35344e-06
3.81595e-06
3.99681e-06
4.0789e-06
4.12153e-06
4.14313e-06
4.15219e-06
4.15219e-06
4.14313e-06
4.12153e-06
4.0789e-06
3.99681e-06
3.81595e-06
3.35344e-06
2.52141e-06
2.49606e-06
3.32497e-06
3.78328e-06
3.95977e-06
4.03849e-06
4.0789e-06
4.09918e-06
4.10763e-06
4.10763e-06
4.09918e-06
4.0789e-06
4.03849e-06
3.95977e-06
3.78328e-06
3.32497e-06
2.49606e-06
2.44572e-06
3.26772e-06
3.71772e-06
3.88645e-06
3.95977e-06
3.99681e-06
4.01519e-06
4.02279e-06
4.02279e-06
4.01519e-06
3.99681e-06
3.95977e-06
3.88645e-06
3.71772e-06
3.26772e-06
2.44572e-06
2.33803e-06
3.13345e-06
3.56255e-06
3.71772e-06
3.78328e-06
3.81595e-06
3.83197e-06
3.83853e-06
3.83853e-06
3.83197e-06
3.81595e-06
3.78328e-06
3.71772e-06
3.56255e-06
3.13345e-06
2.33803e-06
2.08836e-06
2.76543e-06
3.13345e-06
3.26772e-06
3.32497e-06
3.35344e-06
3.36725e-06
3.37284e-06
3.37284e-06
3.36725e-06
3.35344e-06
3.32497e-06
3.26772e-06
3.13345e-06
2.76543e-06
2.08836e-06
1.67439e-06
2.08836e-06
2.33803e-06
2.44572e-06
2.49606e-06
2.52141e-06
2.53355e-06
2.53836e-06
2.53836e-06
2.53355e-06
2.52141e-06
2.49606e-06
2.44572e-06
2.33803e-06
2.08836e-06
1.67439e-06
7.62774e-07
9.51362e-07
1.0651e-06
1.11416e-06
1.13709e-06
1.14864e-06
1.15417e-06
1.15636e-06
1.15636e-06
1.15417e-06
1.14864e-06
1.13709e-06
1.11416e-06
1.0651e-06
9.51362e-07
7.62774e-07
9.51362e-07
1.2598e-06
1.42745e-06
1.48862e-06
1.5147e-06
1.52767e-06
1.53397e-06
1.53651e-06
1.53651e-06
1.53397e-06
1.52767e-06
1.5147e-06
1.48862e-06
1.42745e-06
1.2598e-06
9.51362e-07
1.0651e-06
1.42745e-06
1.62294e-06
1.69362e-06
1.72349e-06
1.73838e-06
1.74567e-06
1.74866e-06
1.74866e-06
1.74567e-06
1.73838e-06
1.72349e-06
1.69362e-06
1.62294e-06
1.42745e-06
1.0651e-06
1.11416e-06
1.48862e-06
1.69362e-06
1.77049e-06
1.80389e-06
1.82077e-06
1.82914e-06
1.8326e-06
1.8326e-06
1.82914e-06
1.82077e-06
1.80389e-06
1.77049e-06
1.69362e-06
1.48862e-06
1.11416e-06
1.13709e-06
1.5147e-06
1.72349e-06
1.80389e-06
1.83975e-06
1.85816e-06
1.8674e-06
1.87125e-06
1.87125e-06
1.8674e-06
1.85816e-06
1.83975e-06
1.80389e-06
1.72349e-06
1.5147e-06
1.13709e-06
1.14864e-06
1.52767e-06
1.73838e-06
1.82077e-06
1.85816e-06
1.87758e-06
1.88742e-06
1.89155e-06
1.89155e-06
1.88742e-06
1.87758e-06
1.85816e-06
1.82077e-06
1.73838e-06
1.52767e-06
1.14864e-06
1.15417e-06
1.53397e-06
1.74567e-06
1.82914e-06
1.8674e-06
1.88742e-06
1.89763e-06
1.90193e-06
1.90193e-06
1.89763e-06
1.88742e-06
1.8674e-06
1.82914e-06
1.74567e-06
1.53397e-06
1.15417e-06
1.15636e-06
1.53651e-06
1.74866e-06
1.8326e-06
1.87125e-06
1.89155e-06
1.90193e-06
1.90631e-06
1.90631e-06
1.90193e-06
1.89155e-06
1.87125e-06
1.8326e-06
1.74866e-06
1.53651e-06
1.15636e-06
1.15636e-06
1.53651e-06
1.74866e-06
1.8326e-06
1.87125e-06
1.89155e-06
1.90193e-06
1.90631e-06
1.90631e-06
1.90193e-06
1.89155e-06
1.87125e-06
1.8326e-06
1.74866e-06
1.53651e-06
1.15636e-06
1.15417e-06
1.53397e-06
1.74567e-06
1.82914e-06
1.8674e-06
1.88742e-06
1.89763e-06
1.90193e-06
1.90193e-06
1.89763e-06
1.88742e-06
1.8674e-06
1.82914e-06
1.74567e-06
1.53397e-06
1.15417e-06
1.14864e-06
1.52767e-06
1.73838e-06
1.82077e-06
1.85816e-06
1.87758e-06
1.88742e-06
1.89155e-06
1.89155e-06
1.88742e-06
1.87758e-06
1.85816e-06
1.82077e-06
1.73838e-06
1.52767e-06
1.14864e-06
1.13709e-06
1.5147e-06
1.72349e-06
1.80389e-06
1.83975e-06
1.85816e-06
1.8674e-06
1.87125e-06
1.87125e-06
1.8674e-06
1.85816e-06
1.83975e-06
1.80389e-06
1.72349e-06
1.5147e-06
1.13709e-06
1.11416e-06
1.48862e-06
1.69362e-06
1.77049e-06
1.80389e-06
1.82077e-06
1.82914e-06
1.8326e-06
1.8326e-06
1.82914e-06
1.82077e-06
1.80389e-06
1.77049e-06
1.69362e-06
1.48862e-06
1.11416e-06
1.0651e-06
1.42745e-06
1.62294e-06
1.69362e-06
1.72349e-06
1.73838e-06
1.74567e-06
1.74866e-06
1.74866e-06
1.74567e-06
1.73838e-06
1.72349e-06
1.69362e-06
1.62294e-06
1.42745e-06
1.0651e-06
9.51362e-07
1.2598e-06
1.42745e-06
1.48862e-06
1.5147e-06
1.52767e-06
1.53397e-06
1.53651e-06
1.53651e-06
1.53397e-06
1.52767e-06
1.5147e-06
1.48862e-06
1.42745e-06
1.2598e-06
9.51362e-07
7.62774e-07
9.51362e-07
1.0651e-06
1.11416e-06
1.13709e-06
1.14864e-06
1.15417e-06
1.15636e-06
1.15636e-06
1.15417e-06
1.14864e-06
1.13709e-06
1.11416e-06
1.0651e-06
9.51362e-07
7.62774e-07
4.32545e-07
5.39489e-07
6.03986e-07
6.31806e-07
6.44812e-07
6.5136e-07
6.54497e-07
6.55738e-07
6.55738e-07
6.54497e-07
6.5136e-07
6.44812e-07
6.31806e-07
6.03986e-07
5.39489e-07
4.32545e-07
5.39489e-07
7.14398e-07
8.09468e-07
8.44155e-07
8.58944e-07
8.66299e-07
8.69868e-07
8.71312e-07
8.71312e-07
8.69868e-07
8.66299e-07
8.58944e-07
8.44155e-07
8.09468e-07
7.14398e-07
5.39489e-07
6.03986e-07
8.09468e-07
9.2032e-07
9.60405e-07
9.77341e-07
9.85783e-07
9.8992e-07
9.91614e-07
9.91614e-07
9.8992e-07
9.85783e-07
9.77341e-07
9.60405e-07
9.2032e-07
8.09468e-07
6.03986e-07
6.31806e-07
8.44155e-07
9.60405e-07
1.00399e-06
1.02293e-06
1.03251e-06
1.03725e-06
1.03922e-06
1.03922e-06
1.03725e-06
1.03251e-06
1.02293e-06
1.00399e-06
9.60405e-07
8.44155e-07
6.31806e-07
6.44812e-07
8.58944e-07
9.77341e-07
1.02293e-06
1.04327e-06
1.05371e-06
1.05895e-06
1.06113e-06
1.06113e-06
1.05895e-06
1.05371e-06
1.04327e-06
1.02293e-06
9.77341e-07
8.58944e-07
6.44812e-07
6.5136e-07
8.66299e-07
9.85783e-07
1.03251e-06
1.05371e-06
1.06472e-06
1.0703e-06
1.07264e-06
1.07264e-06
1.0703e-06
1.06472e-06
1.05371e-06
1.03251e-06
9.85783e-07
8.66299e-07
6.5136e-07
6.54497e-07
8.69868e-07
9.8992e-07
1.03725e-06
1.05895e-06
1.0703e-06
1.07609e-06
1.07853e-06
1.07853e-06
1.07609e-06
1.0703e-06
1.05895e-06
1.03725e-06
9.8992e-07
8.69868e-07
6.54497e-07
6.55738e-07
8.71312e-07
9.91614e-07
1.03922e-06
1.06113e-06
1.07264e-06
1.07853e-06
1.08102e-06
1.08102e-06
1.07853e-06
1.07264e-06
1.06113e-06
1.03922e-06
9.91614e-07
8.71312e-07
6.55738e-07
6.55738e-07
8.71312e-07
9.91614e-07
1.03922e-06
1.06113e-06
1.07264e-06
1.07853e-06
1.08102e-06
1.08102e-06
1.07853e-06
1.07264e-06
1.06113e-06
1.03922e-06
9.91614e-07
8.71312e-07
6.55738e-07
6.54497e-07
8.69868e-07
9.8992e-07
1.03725e-06
1.05895e-06
1.0703e-06
1.07609e-06
1.07853e-06
1.07853e-06
1.07609e-06
1.0703e-06
1.05895e-06
1.03725e-06
9.8992e-07
8.69868e-07
6.54497e-07
6.5136e-07
8.66299e-07
9.85783e-07
1.03251e-06
1.05371e-06
1.06472e-06
1.0703e-06
1.07264e-06
1.07264e-06
1.0703e-06
1.06472e-06
1.05371e-06
1.03251e-06
9.85783e-07
8.66299e-07
6.5136e-07
6.44812e-07
8.58944e-07
9.77341e-07
1.02293e-06
1.04327e-06
1.05371e-06
1.05895e-06
1.06113e-06
1.06113e-06
1.05895e-06
1.05371e-06
1.04327e-06
1.02293e-06
9.77341e-07
8.58944e-07
6.44812e-07
6.31806e-07
8.44155e-07
9.60405e-07
1.00399e-06
1.02293e-06
1.03251e-06
1.03725e-06
1.03922e-06
1.03922e-06
1.03725e-06
1.03251e-06
1.02293e-06
1.00399e-06
9.60405e-07
8.44155e-07
6.31806e-07
6.03986e-07
8.09468e-07
9.2032e-07
9.60405e-07
9.77341e-07
9.85783e-07
9.8992e-07
9.91614e-07
9.91614e-07
9.8992e-07
9.85783e-07
9.77341e-07
9.60405e-07
9.2032e-07
8.09468e-07
6.03986e-07
5.39489e-07
7.14398e-07
8.09468e-07
8.44155e-07
8.58944e-07
8.66299e-07
8.69868e-07
8.71312e-07
8.71312e-07
8.69868e-07
8.66299e-07
8.58944e-07
8.44155e-07
8.09468e-07
7.14398e-07
5.39489e-07
4.32545e-07
5.39489e-07
6.03986e-07
6.31806e-07
6.44812e-07
6.5136e-07
6.54497e-07
6.55738e-07
6.55738e-07
6.54497e-07
6.5136e-07
6.44812e-07
6.31806e-07
6.03986e-07
5.39489e-07
4.32545e-07
2.74135e-07
3.41912e-07
3.82789e-07
4.0042e-07
4.08663e-07
4.12813e-07
4.14801e-07
4.15588e-07
4.15588e-07
4.14801e-07
4.12813e-07
4.08663e-07
4.0042e-07
3.82789e-07
3.41912e-07
2.74135e-07
3.41912e-07
4.52765e-07
5.13018e-07
5.35001e-07
5.44374e-07
5.49036e-07
5.51297e-07
5.52213e-07
5.52213e-07
5.51297e-07
5.49036e-07
5.44374e-07
5.35001e-07
5.13018e-07
4.52765e-07
3.41912e-07
3.82789e-07
5.13018e-07
5.83272e-07
6.08677e-07
6.19411e-07
6.24761e-07
6.27383e-07
6.28456e-07
6.28456e-07
6.27383e-07
6.24761e-07
6.19411e-07
6.08677e-07
5.83272e-07
5.13018e-07
3.82789e-07
4.0042e-07
5.35001e-07
6.08677e-07
6.36303e-07
6.48306e-07
6.54372e-07
6.57381e-07
6.58625e-07
6.58625e-07
6.57381e-07
6.54372e-07
6.48306e-07
6.36303e-07
6.08677e-07
5.35001e-07
4.0042e-07
4.08663e-07
5.44374e-07
6.19411e-07
6.48306e-07
6.61196e-07
6.67811e-07
6.71131e-07
6.72515e-07
6.72515e-07
6.71131e-07
6.67811e-07
6.61196e-07
6.48306e-07
6.19411e-07
5.44374e-07
4.08663e-07
4.12813e-07
5.49036e-07
6.24761e-07
6.54372e-07
6.67811e-07
6.74792e-07
6.78328e-07
6.79811e-07
6.79811e-07
6.78328e-07
6.74792e-07
6.67811e-07
6.54372e-07
6.24761e-07
5.49036e-07
4.12813e-07
4.14801e-07
5.51297e-07
6.27383e-07
6.57381e-07
6.71131e-07
6.78328e-07
6.81997e-07
6.83542e-07
6.83542e-07
6.81997e-07
6.78328e-07
6.71131e-07
6.57381e-07
6.27383e-07
5.51297e-07
4.14801e-07
4.15588e-07
5.52213e-07
6.28456e-07
6.58625e-07
6.72515e-07
6.79811e-07
6.83542e-07
6.85117e-07
6.85117e-07
6.83542e-07
6.79811e-07
6.72515e-07
6.58625e-07
6.28456e-07
5.52213e-07
4.15588e-07
4.15588e-07
5.52213e-07
6.28456e-07
6.58625e-07
6.72515e-07
6.79811e-07
6.83542e-07
6.85117e-07
6.85117e-07
6.83542e-07
6.79811e-07
6.72515e-07
6.58625e-07
6.28456e-07
5.52213e-07
4.15588e-07
4.14801e-07
5.51297e-07
6.27383e-07
6.57381e-07
6.71131e-07
6.78328e-07
6.81997e-07
6.83542e-07
6.83542e-07
6.81997e-07
6.78328e-07
6.71131e-07
6.57381e-07
6.27383e-07
5.51297e-07
4.14801e-07
4.12813e-07
5.49036e-07
6.24761e-07
6.54372e-07
6.67811e-07
6.74792e-07
6.78328e-07
6.79811e-07
6.79811e-07
6.78328e-07
6.74792e-07
6.67811e-07
6.54372e-07
6.24761e-07
5.49036e-07
4.12813e-07
4.08663e-07
5.44374e-07
6.19411e-07
6.48306e-07
6.61196e-07
6.67811e-07
6.71131e-07
6.72515e-07
6.72515e-07
6.71131e-07
6.67811e-07
6.61196e-07
6.48306e-07
6.19411e-07
5.44374e-07
4.08663e-07
4.0042e-07
5.35001e-07
6.08677e-07
6.36303e-07
6.48306e-07
6.54372e-07
6.57381e-07
6.58625e-07
6.58625e-07
6.57381e-07
6.54372e-07
6.48306e-07
6.36303e-07
6.08677e-07
5.35001e-07
4.0042e-07
3.82789e-07
5.13018e-07
5.83272e-07
6.08677e-07
6.19411e-07
6.24761e-07
6.27383e-07
6.28456e-07
6.28456e-07
6.27383e-07
6.24761e-07
6.19411e-07
6.08677e-07
5.83272e-07
5.13018e-07
3.82789e-07
3.41912e-07
4.52765e-07
5.13018e-07
5.35001e-07
5.44374e-07
5.49036e-07
5.51297e-07
5.52213e-07
5.52213e-07
5.51297e-07
5.49036e-07
5.44374e-07
5.35001e-07
5.13018e-07
4.52765e-07
3.41912e-07
2.74135e-07
3.41912e-07
3.82789e-07
4.0042e-07
4.08663e-07
4.12813e-07
4.14801e-07
4.15588e-07
4.15588e-07
4.14801e-07
4.12813e-07
4.08663e-07
4.0042e-07
3.82789e-07
3.41912e-07
2.74135e-07
1.90696e-07
2.37845e-07
2.6628e-07
2.78545e-07
2.84279e-07
2.87166e-07
2.88549e-07
2.89096e-07
2.89096e-07
2.88549e-07
2.87166e-07
2.84279e-07
2.78545e-07
2.6628e-07
2.37845e-07
1.90696e-07
2.37845e-07
3.14957e-07
3.56871e-07
3.72164e-07
3.78684e-07
3.81927e-07
3.835e-07
3.84137e-07
3.84137e-07
3.835e-07
3.81927e-07
3.78684e-07
3.72164e-07
3.56871e-07
3.14957e-07
2.37845e-07
2.6628e-07
3.56871e-07
4.05743e-07
4.23415e-07
4.30882e-07
4.34604e-07
4.36427e-07
4.37174e-07
4.37174e-07
4.36427e-07
4.34604e-07
4.30882e-07
4.23415e-07
4.05743e-07
3.56871e-07
2.6628e-07
2.78545e-07
3.72164e-07
4.23415e-07
4.42633e-07
4.50983e-07
4.55202e-07
4.57295e-07
4.58161e-07
4.58161e-07
4.57295e-07
4.55202e-07
4.50983e-07
4.42633e-07
4.23415e-07
3.72164e-07
2.78545e-07
2.84279e-07
3.78684e-07
4.30882e-07
4.50983e-07
4.59949e-07
4.64551e-07
4.66861e-07
4.67823e-07
4.67823e-07
4.66861e-07
4.64551e-07
4.59949e-07
4.50983e-07
4.30882e-07
3.78684e-07
2.84279e-07
2.87166e-07
3.81927e-07
4.34604e-07
4.55202e-07
4.64551e-07
4.69407e-07
4.71867e-07
4.72899e-07
4.72899e-07
4.71867e-07
4.69407e-07
4.64551e-07
4.55202e-07
4.34604e-07
3.81927e-07
2.87166e-07
2.88549e-07
3.835e-07
4.36427e-07
4.57295e-07
4.66861e-07
4.71867e-07
4.74419e-07
4.75494e-07
4.75494e-07
4.74419e-07
4.71867e-07
4.66861e-07
4.57295e-07
4.36427e-07
3.835e-07
2.88549e-07
2.89096e-07
3.84137e-07
4.37174e-07
4.58161e-07
4.67823e-07
4.72899e-07
4.75494e-07
4.7659e-07
4.7659e-07
4.75494e-07
4.72899e-07
4.67823e-07
4.58161e-07
4.37174e-07
3.84137e-07
2.89096e-07
2.89096e-07
3.84137e-07
4.37174e-07
4.58161e-07
4.67823e-07
4.72899e-07
4.75494e-07
4.7659e-07
4.7659e-07
4.75494e-07
4.72899e-07
4.67823e-07
4.58161e-07
4.37174e-07
3.84137e-07
2.89096e-07
2.88549e-07
3.835e-07
4.36427e-07
4.57295e-07
4.66861e-07
4.71867e-07
4.74419e-07
4.75494e-07
4.75494e-07
4.74419e-07
4.71867e-07
4.66861e-07
4.57295e-07
4.36427e-07
3.835e-07
2.88549e-07
2.87166e-07
3.81927e-07
4.34604e-07
4.55202e-07
4.64551e-07
4.69407e-07
4.71867e-07
4.72899e-07
4.72899e-07
4.71867e-07
4.69407e-07
4.64551e-07
4.55202e-07
4.34604e-07
3.81927e-07
2.87166e-07
2.84279e-07
3.78684e-07
4.30882e-07
4.50983e-07
4.59949e-07
4.64551e-07
4.66861e-07
4.67823e-07
4.67823e-07
4.66861e-07
4.64551e-07
4.59949e-07
4.50983e-07
4.30882e-07
3.78684e-07
2.84279e-07
2.78545e-07
3.72164e-07
4.23415e-07
4.42633e-07
4.50983e-07
4.55202e-07
4.57295e-07
4.58161e-07
4.58161e-07
4.57295e-07
4.55202e-07
4.50983e-07
4.42633e-07
4.23415e-07
3.72164e-07
2.78545e-07
2.6628e-07
3.56871e-07
4.05743e-07
4.23415e-07
4.30882e-07
4.34604e-07
4.36427e-07
4.37174e-07
4.37174e-07
4.36427e-07
4.34604e-07
4.30882e-07
4.23415e-07
4.05743e-07
3.56871e-07
2.6628e-07
2.37845e-07
3.14957e-07
3.56871e-07
3.72164e-07
3.78684e-07
3.81927e-07
3.835e-07
3.84137e-07
3.84137e-07
3.835e-07
3.81927e-07
3.78684e-07
3.72164e-07
3.56871e-07
3.14957e-07
2.37845e-07
1.90696e-07
2.37845e-07
2.6628e-07
2.78545e-07
2.84279e-07
2.87166e-07
2.88549e-07
2.89096e-07
2.89096e-07
2.88549e-07
2.87166e-07
2.84279e-07
2.78545e-07
2.6628e-07
2.37845e-07
1.90696e-07
1.38436e-07
1.72664e-07
1.93306e-07
2.0221e-07
2.06373e-07
2.08468e-07
2.09472e-07
2.0987e-07
2.0987e-07
2.09472e-07
2.08468e-07
2.06373e-07
2.0221e-07
1.93306e-07
1.72664e-07
1.38436e-07
1.72664e-07
2.28644e-07
2.59071e-07
2.70173e-07
2.74906e-07
2.7726e-07
2.78402e-07
2.78865e-07
2.78865e-07
2.78402e-07
2.7726e-07
2.74906e-07
2.70173e-07
2.59071e-07
2.28644e-07
1.72664e-07
1.93306e-07
2.59071e-07
2.9455e-07
3.07379e-07
3.128e-07
3.15501e-07
3.16825e-07
3.17368e-07
3.17368e-07
3.16825e-07
3.15501e-07
3.128e-07
3.07379e-07
2.9455e-07
2.59071e-07
1.93306e-07
2.0221e-07
2.70173e-07
3.07379e-07
3.2133e-07
3.27392e-07
3.30455e-07
3.31974e-07
3.32603e-07
3.32603e-07
3.31974e-07
3.30455e-07
3.27392e-07
3.2133e-07
3.07379e-07
2.70173e-07
2.0221e-07
2.06373e-07
2.74906e-07
3.128e-07
3.27392e-07
3.33901e-07
3.37242e-07
3.38918e-07
3.39617e-07
3.39617e-07
3.38918e-07
3.37242e-07
3.33901e-07
3.27392e-07
3.128e-07
2.74906e-07
2.06373e-07
2.08468e-07
2.7726e-07
3.15501e-07
3.30455e-07
3.37242e-07
3.40767e-07
3.42553e-07
3.43302e-07
3.43302e-07
3.42553e-07
3.40767e-07
3.37242e-07
3.30455e-07
3.15501e-07
2.7726e-07
2.08468e-07
2.09472e-07
2.78402e-07
3.16825e-07
3.31974e-07
3.38918e-07
3.42553e-07
3.44406e-07
3.45186e-07
3.45186e-07
3.44406e-07
3.42553e-07
3.38918e-07
3.31974e-07
3.16825e-07
2.78402e-07
2.09472e-07
2.0987e-07
2.78865e-07
3.17368e-07
3.32603e-07
3.39617e-07
3.43302e-07
3.45186e-07
3.45981e-07
3.45981e-07
3.45186e-07
3.43302e-07
3.39617e-07
3.32603e-07
3.17368e-07
2.78865e-07
2.0987e-07
2.0987e-07
2.78865e-07
3.17368e-07
3.32603e-07
3.39617e-07
3.43302e-07
3.45186e-07
3.45981e-07
3.45981e-07
3.45186e-07
3.43302e-07
3.39617e-07
3.32603e-07
3.17368e-07
2.78865e-07
2.0987e-07
2.09472e-07
2.78402e-07
3.16825e-07
3.31974e-07
3.38918e-07
3.42553e-07
3.44406e-07
3.45186e-07
3.45186e-07
3.44406e-07
3.42553e-07
3.38918e-07
3.31974e-07
3.16825e-07
2.78402e-07
2.09472e-07
2.08468e-07
2.7726e-07
3.15501e-07
3.30455e-07
3.37242e-07
3.40767e-07
3.42553e-07
3.43302e-07
3.43302e-07
3.42553e-07
3.40767e-07
3.37242e-07
3.30455e-07
3.15501e-07
2.7726e-07
2.08468e-07
2.06373e-07
2.74906e-07
3.128e-07
3.27392e-07
3.33901e-07
3.37242e-07
3.38918e-07
3.39617e-07
3.39617e-07
3.38918e-07
3.37242e-07
3.33901e-07
3.27392e-07
3.128e-07
2.74906e-07
2.06373e-07
2.0221e-07
2.70173e-07
3.07379e-07
3.2133e-07
3.27392e-07
3.30455e-07
3.31974e-07
3.32603e-07
3.32603e-07
3.31974e-07
3.30455e-07
3.27392e-07
3.2133e-07
3.07379e-07
2.70173e-07
2.0221e-07
1.93306e-07
2.59071e-07
2.9455e-07
3.07379e-07
3.128e-07
3.15501e-07
3.16825e-07
3.17368e-07
3.17368e-07
3.16825e-07
3.15501e-07
3.128e-07
3.07379e-07
2.9455e-07
2.59071e-07
1.93306e-07
1.72664e-07
2.28644e-07
2.59071e-07
2.70173e-07
2.74906e-07
2.7726e-07
2.78402e-07
2.78865e-07
2.78865e-07
2.78402e-07
2.7726e-07
2.74906e-07
2.70173e-07
2.59071e-07
2.28644e-07
1.72664e-07
1.38436e-07
1.72664e-07
1.93306e-07
2.0221e-07
2.06373e-07
2.08468e-07
2.09472e-07
2.0987e-07
2.0987e-07
2.09472e-07
2.08468e-07
2.06373e-07
2.0221e-07
1.93306e-07
1.72664e-07
1.38436e-07
1.04983e-07
1.3094e-07
1.46595e-07
1.53347e-07
1.56504e-07
1.58093e-07
1.58854e-07
1.59156e-07
1.59156e-07
1.58854e-07
1.58093e-07
1.56504e-07
1.53347e-07
1.46595e-07
1.3094e-07
1.04983e-07
1.3094e-07
1.73393e-07
1.96468e-07
2.04887e-07
2.08477e-07
2.10262e-07
2.11128e-07
2.11479e-07
2.11479e-07
2.11128e-07
2.10262e-07
2.08477e-07
2.04887e-07
1.96468e-07
1.73393e-07
1.3094e-07
1.46595e-07
1.96468e-07
2.23374e-07
2.33103e-07
2.37214e-07
2.39263e-07
2.40267e-07
2.40678e-07
2.40678e-07
2.40267e-07
2.39263e-07
2.37214e-07
2.33103e-07
2.23374e-07
1.96468e-07
1.46595e-07
1.53347e-07
2.04887e-07
2.33103e-07
2.43683e-07
2.4828e-07
2.50603e-07
2.51755e-07
2.52232e-07
2.52232e-07
2.51755e-07
2.50603e-07
2.4828e-07
2.43683e-07
2.33103e-07
2.04887e-07
1.53347e-07
1.56504e-07
2.08477e-07
2.37214e-07
2.4828e-07
2.53216e-07
2.5575e-07
2.57021e-07
2.57551e-07
2.57551e-07
2.57021e-07
2.5575e-07
2.53216e-07
2.4828e-07
2.37214e-07
2.08477e-07
1.56504e-07
1.58093e-07
2.10262e-07
2.39263e-07
2.50603e-07
2.5575e-07
2.58423e-07
2.59777e-07
2.60345e-07
2.60345e-07
2.59777e-07
2.58423e-07
2.5575e-07
2.50603e-07
2.39263e-07
2.10262e-07
1.58093e-07
1.58854e-07
2.11128e-07
2.40267e-07
2.51755e-07
2.57021e-07
2.59777e-07
2.61182e-07
2.61774e-07
2.61774e-07
2.61182e-07
2.59777e-07
2.57021e-07
2.51755e-07
2.40267e-07
2.11128e-07
1.58854e-07
1.59156e-07
2.11479e-07
2.40678e-07
2.52232e-07
2.57551e-07
2.60345e-07
2.61774e-07
2.62377e-07
2.62377e-07
2.61774e-07
2.60345e-07
2.57551e-07
2.52232e-07
2.40678e-07
2.11479e-07
1.59156e-07
1.59156e-07
2.11479e-07
2.40678e-07
2.52232e-07
2.57551e-07
2.60345e-07
2.61774e-07
2.62377e-07
2.62377e-07
2.61774e-07
2.60345e-07
2.57551e-07
2.52232e-07
2.40678e-07
2.11479e-07
1.59156e-07
1.58854e-07
2.11128e-07
2.40267e-07
2.51755e-07
2.57021e-07
2.59777e-07
2.61182e-07
2.61774e-07
2.61774e-07
2.61182e-07
2.59777e-07
2.57021e-07
2.51755e-07
2.40267e-07
2.11128e-07
1.58854e-07
1.58093e-07
2.10262e-07
2.39263e-07
2.50603e-07
2.5575e-07
2.58423e-07
2.59777e-07
2.60345e-07
2.60345e-07
2.59777e-07
2.58423e-07
2.5575e-07
2.50603e-07
2.39263e-07
2.10262e-07
1.58093e-07
1.56504e-07
2.08477e-07
2.37214e-07
2.4828e-07
2.53216e-07
2.5575e-07
2.57021e-07
2.57551e-07
2.57551e-07
2.57021e-07
2.5575e-07
2.53216e-07
2.4828e-07
2.37214e-07
2.08477e-07
1.56504e-07
1.53347e-07
2.04887e-07
2.33103e-07
2.43683e-07
2.4828e-07
2.50603e-07
2.51755e-07
2.52232e-07
2.52232e-07
2.51755e-07
2.50603e-07
2.4828e-07
2.43683e-07
2.33103e-07
2.04887e-07
1.53347e-07
1.46595e-07
1.96468e-07
2.23374e-07
2.33103e-07
2.37214e-07
2.39263e-07
2.40267e-07
2.40678e-07
2.40678e-07
2.40267e-07
2.39263e-07
2.37214e-07
2.33103e-07
2.23374e-07
1.96468e-07
1.46595e-07
1.3094e-07
1.73393e-07
1.96468e-07
2.04887e-07
2.08477e-07
2.10262e-07
2.11128e-07
2.11479e-07
2.11479e-07
2.11128e-07
2.10262e-07
2.08477e-07
2.04887e-07
1.96468e-07
1.73393e-07
1.3094e-07
1.04983e-07
1.3094e-07
1.46595e-07
1.53347e-07
1.56504e-07
1.58093e-07
1.58854e-07
1.59156e-07
1.59156e-07
1.58854e-07
1.58093e-07
1.56504e-07
1.53347e-07
1.46595e-07
1.3094e-07
1.04983e-07
8.42227e-08
1.05046e-07
1.17605e-07
1.23022e-07
1.25554e-07
1.26829e-07
1.2744e-07
1.27682e-07
1.27682e-07
1.2744e-07
1.26829e-07
1.25554e-07
1.23022e-07
1.17605e-07
1.05046e-07
8.42227e-08
1.05046e-07
1.39104e-07
1.57615e-07
1.64369e-07
1.67249e-07
1.68681e-07
1.69376e-07
1.69657e-07
1.69657e-07
1.69376e-07
1.68681e-07
1.67249e-07
1.64369e-07
1.57615e-07
1.39104e-07
1.05046e-07
1.17605e-07
1.57615e-07
1.792e-07
1.87005e-07
1.90303e-07
1.91947e-07
1.92752e-07
1.93082e-07
1.93082e-07
1.92752e-07
1.91947e-07
1.90303e-07
1.87005e-07
1.792e-07
1.57615e-07
1.17605e-07
1.23022e-07
1.64369e-07
1.87005e-07
1.95493e-07
1.99181e-07
2.01044e-07
2.01969e-07
2.02351e-07
2.02351e-07
2.01969e-07
2.01044e-07
1.99181e-07
1.95493e-07
1.87005e-07
1.64369e-07
1.23022e-07
1.25554e-07
1.67249e-07
1.90303e-07
1.99181e-07
2.03141e-07
2.05173e-07
2.06193e-07
2.06618e-07
2.06618e-07
2.06193e-07
2.05173e-07
2.03141e-07
1.99181e-07
1.90303e-07
1.67249e-07
1.25554e-07
1.26829e-07
1.68681e-07
1.91947e-07
2.01044e-07
2.05173e-07
2.07318e-07
2.08404e-07
2.0886e-07
2.0886e-07
2.08404e-07
2.07318e-07
2.05173e-07
2.01044e-07
1.91947e-07
1.68681e-07
1.26829e-07
1.2744e-07
1.69376e-07
1.92752e-07
2.01969e-07
2.06193e-07
2.08404e-07
2.09532e-07
2.10006e-07
2.10006e-07
2.09532e-07
2.08404e-07
2.06193e-07
2.01969e-07
1.92752e-07
1.69376e-07
1.2744e-07
1.27682e-07
1.69657e-07
1.93082e-07
2.02351e-07
2.06618e-07
2.0886e-07
2.10006e-07
2.1049e-07
2.1049e-07
2.10006e-07
2.0886e-07
2.06618e-07
2.02351e-07
1.93082e-07
1.69657e-07
1.27682e-07
1.27682e-07
1.69657e-07
1.93082e-07
2.02351e-07
2.06618e-07
2.0886e-07
2.10006e-07
2.1049e-07
2.1049e-07
2.10006e-07
2.0886e-07
2.06618e-07
2.02351e-07
1.93082e-07
1.69657e-07
1.27682e-07
1.2744e-07
1.69376e-07
1.92752e-07
2.01969e-07
2.06193e-07
2.08404e-07
2.09532e-07
2.10006e-07
2.10006e-07
2.09532e-07
2.08404e-07
2.06193e-07
2.01969e-07
1.92752e-07
1.69376e-07
1.2744e-07
1.26829e-07
1.68681e-07
1.91947e-07
2.01044e-07
2.05173e-07
2.07318e-07
2.08404e-07
2.0886e-07
2.0886e-07
2.08404e-07
2.07318e-07
2.05173e-07
2.01044e-07
1.91947e-07
1.68681e-07
1.26829e-07
1.25554e-07
1.67249e-07
1.90303e-07
1.99181e-07
2.03141e-07
2.05173e-07
2.06193e-07
2.06618e-07
2.06618e-07
2.06193e-07
2.05173e-07
2.03141e-07
1.99181e-07
1.90303e-07
1.67249e-07
1.25554e-07
1.23022e-07
1.64369e-07
1.87005e-07
1.95493e-07
1.99181e-07
2.01044e-07
2.01969e-07
2.02351e-07
2.02351e-07
2.01969e-07
2.01044e-07
1.99181e-07
1.95493e-07
1.87005e-07
1.64369e-07
1.23022e-07
1.17605e-07
1.57615e-07
1.792e-07
1.87005e-07
1.90303e-07
1.91947e-07
1.92752e-07
1.93082e-07
1.93082e-07
1.92752e-07
1.91947e-07
1.90303e-07
1.87005e-07
1.792e-07
1.57615e-07
1.17605e-07
1.05046e-07
1.39104e-07
1.57615e-07
1.64369e-07
1.67249e-07
1.68681e-07
1.69376e-07
1.69657e-07
1.69657e-07
1.69376e-07
1.68681e-07
1.67249e-07
1.64369e-07
1.57615e-07
1.39104e-07
1.05046e-07
8.42227e-08
1.05046e-07
1.17605e-07
1.23022e-07
1.25554e-07
1.26829e-07
1.2744e-07
1.27682e-07
1.27682e-07
1.2744e-07
1.26829e-07
1.25554e-07
1.23022e-07
1.17605e-07
1.05046e-07
8.42227e-08
7.09658e-08
8.85119e-08
9.90942e-08
1.03659e-07
1.05792e-07
1.06867e-07
1.07381e-07
1.07585e-07
1.07585e-07
1.07381e-07
1.06867e-07
1.05792e-07
1.03659e-07
9.90942e-08
8.85119e-08
7.09658e-08
8.85119e-08
1.17209e-07
1.32808e-07
1.38499e-07
1.40925e-07
1.42132e-07
1.42717e-07
1.42954e-07
1.42954e-07
1.42717e-07
1.42132e-07
1.40925e-07
1.38499e-07
1.32808e-07
1.17209e-07
8.85119e-08
9.90942e-08
1.32808e-07
1.50995e-07
1.57572e-07
1.60351e-07
1.61736e-07
1.62414e-07
1.62692e-07
1.62692e-07
1.62414e-07
1.61736e-07
1.60351e-07
1.57572e-07
1.50995e-07
1.32808e-07
9.90942e-08
1.03659e-07
1.38499e-07
1.57572e-07
1.64724e-07
1.67831e-07
1.69402e-07
1.7018e-07
1.70502e-07
1.70502e-07
1.7018e-07
1.69402e-07
1.67831e-07
1.64724e-07
1.57572e-07
1.38499e-07
1.03659e-07
1.05792e-07
1.40925e-07
1.60351e-07
1.67831e-07
1.71168e-07
1.72881e-07
1.7374e-07
1.74098e-07
1.74098e-07
1.7374e-07
1.72881e-07
1.71168e-07
1.67831e-07
1.60351e-07
1.40925e-07
1.05792e-07
1.06867e-07
1.42132e-07
1.61736e-07
1.69402e-07
1.72881e-07
1.74688e-07
1.75603e-07
1.75987e-07
1.75987e-07
1.75603e-07
1.74688e-07
1.72881e-07
1.69402e-07
1.61736e-07
1.42132e-07
1.06867e-07
1.07381e-07
1.42717e-07
1.62414e-07
1.7018e-07
1.7374e-07
1.75603e-07
1.76553e-07
1.76953e-07
1.76953e-07
1.76553e-07
1.75603e-07
1.7374e-07
1.7018e-07
1.62414e-07
1.42717e-07
1.07381e-07
1.07585e-07
1.42954e-07
1.62692e-07
1.70502e-07
1.74098e-07
1.75987e-07
1.76953e-07
1.77361e-07
1.77361e-07
1.76953e-07
1.75987e-07
1.74098e-07
1.70502e-07
1.62692e-07
1.42954e-07
1.07585e-07
1.07585e-07
1.42954e-07
1.62692e-07
1.70502e-07
1.74098e-07
1.75987e-07
1.76953e-07
1.77361e-07
1.77361e-07
1.76953e-07
1.75987e-07
1.74098e-07
1.70502e-07
1.62692e-07
1.42954e-07
1.07585e-07
1.07381e-07
1.42717e-07
1.62414e-07
1.7018e-07
1.7374e-07
1.75603e-07
1.76553e-07
1.76953e-07
1.76953e-07
1.76553e-07
1.75603e-07
1.7374e-07
1.7018e-07
1.62414e-07
1.42717e-07
1.07381e-07
1.06867e-07
1.42132e-07
1.61736e-07
1.69402e-07
1.72881e-07
1.74688e-07
1.75603e-07
1.75987e-07
1.75987e-07
1.75603e-07
1.74688e-07
1.72881e-07
1.69402e-07
1.61736e-07
1.42132e-07
1.06867e-07
1.05792e-07
1.40925e-07
1.60351e-07
1.67831e-07
1.71168e-07
1.72881e-07
1.7374e-07
1.74098e-07
1.74098e-07
1.7374e-07
1.72881e-07
1.71168e-07
1.67831e-07
1.60351e-07
1.40925e-07
1.05792e-07
1.03659e-07
1.38499e-07
1.57572e-07
1.64724e-07
1.67831e-07
1.69402e-07
1.7018e-07
1.70502e-07
1.70502e-07
1.7018e-07
1.69402e-07
1.67831e-07
1.64724e-07
1.57572e-07
1.38499e-07
1.03659e-07
9.90942e-08
1.32808e-07
1.50995e-07
1.57572e-07
1.60351e-07
1.61736e-07
1.62414e-07
1.62692e-07
1.62692e-07
1.62414e-07
1.61736e-07
1.60351e-07
1.57572e-07
1.50995e-07
1.32808e-07
9.90942e-08
8.85119e-08
1.17209e-07
1.32808e-07
1.38499e-07
1.40925e-07
1.42132e-07
1.42717e-07
1.42954e-07
1.42954e-07
1.42717e-07
1.42132e-07
1.40925e-07
1.38499e-07
1.32808e-07
1.17209e-07
8.85119e-08
7.09658e-08
8.85119e-08
9.90942e-08
1.03659e-07
1.05792e-07
1.06867e-07
1.07381e-07
1.07585e-07
1.07585e-07
1.07381e-07
1.06867e-07
1.05792e-07
1.03659e-07
9.90942e-08
8.85119e-08
7.09658e-08
5.84033e-08
7.28432e-08
8.1552e-08
8.53083e-08
8.70643e-08
8.79485e-08
8.8372e-08
8.85397e-08
8.85397e-08
8.8372e-08
8.79485e-08
8.70643e-08
8.53083e-08
8.1552e-08
7.28432e-08
5.84033e-08
7.28432e-08
9.64601e-08
1.09297e-07
1.1398e-07
1.15977e-07
1.1697e-07
1.17452e-07
1.17647e-07
1.17647e-07
1.17452e-07
1.1697e-07
1.15977e-07
1.1398e-07
1.09297e-07
9.64601e-08
7.28432e-08
8.1552e-08
1.09297e-07
1.24265e-07
1.29677e-07
1.31964e-07
1.33104e-07
1.33662e-07
1.33891e-07
1.33891e-07
1.33662e-07
1.33104e-07
1.31964e-07
1.29677e-07
1.24265e-07
1.09297e-07
8.1552e-08
8.53083e-08
1.1398e-07
1.29677e-07
1.35563e-07
1.3812e-07
1.39412e-07
1.40053e-07
1.40318e-07
1.40318e-07
1.40053e-07
1.39412e-07
1.3812e-07
1.35563e-07
1.29677e-07
1.1398e-07
8.53083e-08
8.70643e-08
1.15977e-07
1.31964e-07
1.3812e-07
1.40866e-07
1.42275e-07
1.42983e-07
1.43278e-07
1.43278e-07
1.42983e-07
1.42275e-07
1.40866e-07
1.3812e-07
1.31964e-07
1.15977e-07
8.70643e-08
8.79485e-08
1.1697e-07
1.33104e-07
1.39412e-07
1.42275e-07
1.43763e-07
1.44516e-07
1.44832e-07
1.44832e-07
1.44516e-07
1.43763e-07
1.42275e-07
1.39412e-07
1.33104e-07
1.1697e-07
8.79485e-08
8.8372e-08
1.17452e-07
1.33662e-07
1.40053e-07
1.42983e-07
1.44516e-07
1.45298e-07
1.45627e-07
1.45627e-07
1.45298e-07
1.44516e-07
1.42983e-07
1.40053e-07
1.33662e-07
1.17452e-07
8.8372e-08
8.85397e-08
1.17647e-07
1.33891e-07
1.40318e-07
1.43278e-07
1.44832e-07
1.45627e-07
1.45962e-07
1.45962e-07
1.45627e-07
1.44832e-07
1.43278e-07
1.40318e-07
1.33891e-07
1.17647e-07
8.85397e-08
8.85397e-08
1.17647e-07
1.33891e-07
1.40318e-07
1.43278e-07
1.44832e-07
1.45627e-07
1.45962e-07
1.45962e-07
1.45627e-07
1.44832e-07
1.43278e-07
1.40318e-07
1.33891e-07
1.17647e-07
8.85397e-08
8.8372e-08
1.17452e-07
1.33662e-07
1.40053e-07
1.42983e-07
1.44516e-07
1.45298e-07
1.45627e-07
1.45627e-07
1.45298e-07
1.44516e-07
1.42983e-07
1.40053e-07
1.33662e-07
1.17452e-07
8.8372e-08
8.79485e-08
1.1697e-07
1.33104e-07
1.39412e-07
1.42275e-07
1.43763e-07
1.44516e-07
1.44832e-07
1.44832e-07
1.44516e-07
1.43763e-07
1.42275e-07
1.39412e-07
1.33104e-07
1.1697e-07
8.79485e-08
8.70643e-08
1.15977e-07
1.31964e-07
1.3812e-07
1.40866e-07
1.42275e-07
1.42983e-07
1.43278e-07
1.43278e-07
1.42983e-07
1.42275e-07
1.40866e-07
1.3812e-07
1.31964e-07
1.15977e-07
8.70643e-08
8.53083e-08
1.1398e-07
1.29677e-07
1.35563e-07
1.3812e-07
1.39412e-07
1.40053e-07
1.40318e-07
1.40318e-07
1.40053e-07
1.39412e-07
1.3812e-07
1.35563e-07
1.29677e-07
1.1398e-07
8.53083e-08
8.1552e-08
1.09297e-07
1.24265e-07
1.29677e-07
1.31964e-07
1.33104e-07
1.33662e-07
1.33891e-07
1.33891e-07
1.33662e-07
1.33104e-07
1.31964e-07
1.29677e-07
1.24265e-07
1.09297e-07
8.1552e-08
7.28432e-08
9.64601e-08
1.09297e-07
1.1398e-07
1.15977e-07
1.1697e-07
1.17452e-07
1.17647e-07
1.17647e-07
1.17452e-07
1.1697e-07
1.15977e-07
1.1398e-07
1.09297e-07
9.64601e-08
7.28432e-08
5.84033e-08
7.28432e-08
8.1552e-08
8.53083e-08
8.70643e-08
8.79485e-08
8.8372e-08
8.85397e-08
8.85397e-08
8.8372e-08
8.79485e-08
8.70643e-08
8.53083e-08
8.1552e-08
7.28432e-08
5.84033e-08
4.65221e-08
5.80248e-08
6.49622e-08
6.79545e-08
6.93534e-08
7.00577e-08
7.03951e-08
7.05287e-08
7.05287e-08
7.03951e-08
7.00577e-08
6.93534e-08
6.79545e-08
6.49622e-08
5.80248e-08
4.65221e-08
5.80248e-08
7.68379e-08
8.70637e-08
9.07946e-08
9.23854e-08
9.31765e-08
9.35603e-08
9.37157e-08
9.37157e-08
9.35603e-08
9.31765e-08
9.23854e-08
9.07946e-08
8.70637e-08
7.68379e-08
5.80248e-08
6.49622e-08
8.70637e-08
9.8987e-08
1.03299e-07
1.0512e-07
1.06028e-07
1.06473e-07
1.06655e-07
1.06655e-07
1.06473e-07
1.06028e-07
1.0512e-07
1.03299e-07
9.8987e-08
8.70637e-08
6.49622e-08
6.79545e-08
9.07946e-08
1.03299e-07
1.07987e-07
1.10024e-07
1.11054e-07
1.11564e-07
1.11775e-07
1.11775e-07
1.11564e-07
1.11054e-07
1.10024e-07
1.07987e-07
1.03299e-07
9.07946e-08
6.79545e-08
6.93534e-08
9.23854e-08
1.0512e-07
1.10024e-07
1.12212e-07
1.13334e-07
1.13898e-07
1.14133e-07
1.14133e-07
1.13898e-07
1.13334e-07
1.12212e-07
1.10024e-07
1.0512e-07
9.23854e-08
6.93534e-08
7.00577e-08
9.31765e-08
1.06028e-07
1.11054e-07
1.13334e-07
1.14519e-07
1.15119e-07
1.15371e-07
1.15371e-07
1.15119e-07
1.14519e-07
1.13334e-07
1.11054e-07
1.06028e-07
9.31765e-08
7.00577e-08
7.03951e-08
9.35603e-08
1.06473e-07
1.11564e-07
1.13898e-07
1.15119e-07
1.15742e-07
1.16004e-07
1.16004e-07
1.15742e-07
1.15119e-07
1.13898e-07
1.11564e-07
1.06473e-07
9.35603e-08
7.03951e-08
7.05287e-08
9.37157e-08
1.06655e-07
1.11775e-07
1.14133e-07
1.15371e-07
1.16004e-07
1.16271e-07
1.16271e-07
1.16004e-07
1.15371e-07
1.14133e-07
1.11775e-07
1.06655e-07
9.37157e-08
7.05287e-08
7.05287e-08
9.37157e-08
1.06655e-07
1.11775e-07
1.14133e-07
1.15371e-07
1.16004e-07
1.16271e-07
1.16271e-07
1.16004e-07
1.15371e-07
1.14133e-07
1.11775e-07
1.06655e-07
9.37157e-08
7.05287e-08
7.03951e-08
9.35603e-08
1.06473e-07
1.11564e-07
1.13898e-07
1.15119e-07
1.15742e-07
1.16004e-07
1.16004e-07
1.15742e-07
1.15119e-07
1.13898e-07
1.11564e-07
1.06473e-07
9.35603e-08
7.03951e-08
7.00577e-08
9.31765e-08
1.06028e-07
1.11054e-07
1.13334e-07
1.14519e-07
1.15119e-07
1.15371e-07
1.15371e-07
1.15119e-07
1.14519e-07
1.13334e-07
1.11054e-07
1.06028e-07
9.31765e-08
7.00577e-08
6.93534e-08
9.23854e-08
1.0512e-07
1.10024e-07
1.12212e-07
1.13334e-07
1.13898e-07
1.14133e-07
1.14133e-07
1.13898e-07
1.13334e-07
1.12212e-07
1.10024e-07
1.0512e-07
9.23854e-08
6.93534e-08
6.79545e-08
9.07946e-08
1.03299e-07
1.07987e-07
1.10024e-07
1.11054e-07
1.11564e-07
1.11775e-07
1.11775e-07
1.11564e-07
1.11054e-07
1.10024e-07
1.07987e-07
1.03299e-07
9.07946e-08
6.79545e-08
6.49622e-08
8.70637e-08
9.8987e-08
1.03299e-07
1.0512e-07
1.06028e-07
1.06473e-07
1.06655e-07
1.06655e-07
1.06473e-07
1.06028e-07
1.0512e-07
1.03299e-07
9.8987e-08
8.70637e-08
6.49622e-08
5.80248e-08
7.68379e-08
8.70637e-08
9.07946e-08
9.23854e-08
9.31765e-08
9.35603e-08
9.37157e-08
9.37157e-08
9.35603e-08
9.31765e-08
9.23854e-08
9.07946e-08
8.70637e-08
7.68379e-08
5.80248e-08
4.65221e-08
5.80248e-08
6.49622e-08
6.79545e-08
6.93534e-08
7.00577e-08
7.03951e-08
7.05287e-08
7.05287e-08
7.03951e-08
7.00577e-08
6.93534e-08
6.79545e-08
6.49622e-08
5.80248e-08
4.65221e-08
4.21555e-08
5.25779e-08
5.88636e-08
6.15748e-08
6.28423e-08
6.34804e-08
6.37861e-08
6.39071e-08
6.39071e-08
6.37861e-08
6.34804e-08
6.28423e-08
6.15748e-08
5.88636e-08
5.25779e-08
4.21555e-08
5.25779e-08
6.96239e-08
7.88891e-08
8.22695e-08
8.37109e-08
8.44277e-08
8.47755e-08
8.49162e-08
8.49162e-08
8.47755e-08
8.44277e-08
8.37109e-08
8.22695e-08
7.88891e-08
6.96239e-08
5.25779e-08
5.88636e-08
7.88891e-08
8.96923e-08
9.35989e-08
9.52494e-08
9.60721e-08
9.64753e-08
9.66404e-08
9.66404e-08
9.64753e-08
9.60721e-08
9.52494e-08
9.35989e-08
8.96923e-08
7.88891e-08
5.88636e-08
6.15748e-08
8.22695e-08
9.35989e-08
9.7847e-08
9.96928e-08
1.00626e-07
1.01088e-07
1.0128e-07
1.0128e-07
1.01088e-07
1.00626e-07
9.96928e-08
9.7847e-08
9.35989e-08
8.22695e-08
6.15748e-08
6.28423e-08
8.37109e-08
9.52494e-08
9.96928e-08
1.01675e-07
1.02692e-07
1.03203e-07
1.03415e-07
1.03415e-07
1.03203e-07
1.02692e-07
1.01675e-07
9.96928e-08
9.52494e-08
8.37109e-08
6.28423e-08
6.34804e-08
8.44277e-08
9.60721e-08
1.00626e-07
1.02692e-07
1.03766e-07
1.04309e-07
1.04537e-07
1.04537e-07
1.04309e-07
1.03766e-07
1.02692e-07
1.00626e-07
9.60721e-08
8.44277e-08
6.34804e-08
6.37861e-08
8.47755e-08
9.64753e-08
1.01088e-07
1.03203e-07
1.04309e-07
1.04874e-07
1.05111e-07
1.05111e-07
1.04874e-07
1.04309e-07
1.03203e-07
1.01088e-07
9.64753e-08
8.47755e-08
6.37861e-08
6.39071e-08
8.49162e-08
9.66404e-08
1.0128e-07
1.03415e-07
1.04537e-07
1.05111e-07
1.05353e-07
1.05353e-07
1.05111e-07
1.04537e-07
1.03415e-07
1.0128e-07
9.66404e-08
8.49162e-08
6.39071e-08
6.39071e-08
8.49162e-08
9.66404e-08
1.0128e-07
1.03415e-07
1.04537e-07
1.05111e-07
1.05353e-07
1.05353e-07
1.05111e-07
1.04537e-07
1.03415e-07
1.0128e-07
9.66404e-08
8.49162e-08
6.39071e-08
6.37861e-08
8.47755e-08
9.64753e-08
1.01088e-07
1.03203e-07
1.04309e-07
1.04874e-07
1.05111e-07
1.05111e-07
1.04874e-07
1.04309e-07
1.03203e-07
1.01088e-07
9.64753e-08
8.47755e-08
6.37861e-08
6.34804e-08
8.44277e-08
9.60721e-08
1.00626e-07
1.02692e-07
1.03766e-07
1.04309e-07
1.04537e-07
1.04537e-07
1.04309e-07
1.03766e-07
1.02692e-07
1.00626e-07
9.60721e-08
8.44277e-08
6.34804e-08
6.28423e-08
8.37109e-08
9.52494e-08
9.96928e-08
1.01675e-07
1.02692e-07
1.03203e-07
1.03415e-07
1.03415e-07
1.03203e-07
1.02692e-07
1.01675e-07
9.96928e-08
9.52494e-08
8.37109e-08
6.28423e-08
6.15748e-08
8.22695e-08
9.35989e-08
9.7847e-08
9.96928e-08
1.00626e-07
1.01088e-07
1.0128e-07
1.0128e-07
1.01088e-07
1.00626e-07
9.96928e-08
9.7847e-08
9.35989e-08
8.22695e-08
6.15748e-08
5.88636e-08
7.88891e-08
8.96923e-08
9.35989e-08
9.52494e-08
9.60721e-08
9.64753e-08
9.66404e-08
9.66404e-08
9.64753e-08
9.60721e-08
9.52494e-08
9.35989e-08
8.96923e-08
7.88891e-08
5.88636e-08
5.25779e-08
6.96239e-08
7.88891e-08
8.22695e-08
8.37109e-08
8.44277e-08
8.47755e-08
8.49162e-08
8.49162e-08
8.47755e-08
8.44277e-08
8.37109e-08
8.22695e-08
7.88891e-08
6.96239e-08
5.25779e-08
4.21555e-08
5.25779e-08
5.88636e-08
6.15748e-08
6.28423e-08
6.34804e-08
6.37861e-08
6.39071e-08
6.39071e-08
6.37861e-08
6.34804e-08
6.28423e-08
6.15748e-08
5.88636e-08
5.25779e-08
4.21555e-08
3.57377e-08
4.45736e-08
4.99026e-08
5.22012e-08
5.32757e-08
5.38168e-08
5.40759e-08
5.41785e-08
5.41785e-08
5.40759e-08
5.38168e-08
5.32757e-08
5.22012e-08
4.99026e-08
4.45736e-08
3.57377e-08
4.45736e-08
5.90251e-08
6.68801e-08
6.9746e-08
7.09679e-08
7.15757e-08
7.18705e-08
7.19898e-08
7.19898e-08
7.18705e-08
7.15757e-08
7.09679e-08
6.9746e-08
6.68801e-08
5.90251e-08
4.45736e-08
4.99026e-08
6.68801e-08
7.6039e-08
7.93509e-08
8.07502e-08
8.14477e-08
8.17895e-08
8.19295e-08
8.19295e-08
8.17895e-08
8.14477e-08
8.07502e-08
7.93509e-08
7.6039e-08
6.68801e-08
4.99026e-08
5.22012e-08
6.9746e-08
7.93509e-08
8.29524e-08
8.45173e-08
8.53081e-08
8.57003e-08
8.58625e-08
8.58625e-08
8.57003e-08
8.53081e-08
8.45173e-08
8.29524e-08
7.93509e-08
6.9746e-08
5.22012e-08
5.32757e-08
7.09679e-08
8.07502e-08
8.45173e-08
8.61977e-08
8.70601e-08
8.74929e-08
8.76733e-08
8.76733e-08
8.74929e-08
8.70601e-08
8.61977e-08
8.45173e-08
8.07502e-08
7.09679e-08
5.32757e-08
5.38168e-08
7.15757e-08
8.14477e-08
8.53081e-08
8.70601e-08
8.79701e-08
8.84311e-08
8.86245e-08
8.86245e-08
8.84311e-08
8.79701e-08
8.70601e-08
8.53081e-08
8.14477e-08
7.15757e-08
5.38168e-08
5.40759e-08
7.18705e-08
8.17895e-08
8.57003e-08
8.74929e-08
8.84311e-08
8.89094e-08
8.91109e-08
8.91109e-08
8.89094e-08
8.84311e-08
8.74929e-08
8.57003e-08
8.17895e-08
7.18705e-08
5.40759e-08
5.41785e-08
7.19898e-08
8.19295e-08
8.58625e-08
8.76733e-08
8.86245e-08
8.91109e-08
8.93162e-08
8.93162e-08
8.91109e-08
8.86245e-08
8.76733e-08
8.58625e-08
8.19295e-08
7.19898e-08
5.41785e-08
5.41785e-08
7.19898e-08
8.19295e-08
8.58625e-08
8.76733e-08
8.86245e-08
8.91109e-08
8.93162e-08
8.93162e-08
8.91109e-08
8.86245e-08
8.76733e-08
8.58625e-08
8.19295e-08
7.19898e-08
5.41785e-08
5.40759e-08
7.18705e-08
8.17895e-08
8.57003e-08
8.74929e-08
8.84311e-08
8.89094e-08
8.91109e-08
8.91109e-08
8.89094e-08
8.84311e-08
8.74929e-08
8.57003e-08
8.17895e-08
7.18705e-08
5.40759e-08
5.38168e-08
7.15757e-08
8.14477e-08
8.53081e-08
8.70601e-08
8.79701e-08
8.84311e-08
8.86245e-08
8.86245e-08
8.84311e-08
8.79701e-08
8.70601e-08
8.53081e-08
8.14477e-08
7.15757e-08
5.38168e-08
5.32757e-08
7.09679e-08
8.07502e-08
8.45173e-08
8.61977e-08
8.70601e-08
8.74929e-08
8.76733e-08
8.76733e-08
8.74929e-08
8.70601e-08
8.61977e-08
8.45173e-08
8.07502e-08
7.09679e-08
5.32757e-08
5.22012e-08
6.9746e-08
7.93509e-08
8.29524e-08
8.45173e-08
8.53081e-08
8.57003e-08
8.58625e-08
8.58625e-08
8.57003e-08
8.53081e-08
8.45173e-08
8.29524e-08
7.93509e-08
6.9746e-08
5.22012e-08
4.99026e-08
6.68801e-08
7.6039e-08
7.93509e-08
8.07502e-08
8.14477e-08
8.17895e-08
8.19295e-08
8.19295e-08
8.17895e-08
8.14477e-08
8.07502e-08
7.93509e-08
7.6039e-08
6.68801e-08
4.99026e-08
4.45736e-08
5.90251e-08
6.68801e-08
6.9746e-08
7.09679e-08
7.15757e-08
7.18705e-08
7.19898e-08
7.19898e-08
7.18705e-08
7.15757e-08
7.09679e-08
6.9746e-08
6.68801e-08
5.90251e-08
4.45736e-08
3.57377e-08
4.45736e-08
4.99026e-08
5.22012e-08
5.32757e-08
5.38168e-08
5.40759e-08
5.41785e-08
5.41785e-08
5.40759e-08
5.38168e-08
5.32757e-08
5.22012e-08
4.99026e-08
4.45736e-08
3.57377e-08
3.24155e-08
4.04301e-08
4.52637e-08
4.73486e-08
4.83233e-08
4.8814e-08
4.90491e-08
4.91422e-08
4.91422e-08
4.90491e-08
4.8814e-08
4.83233e-08
4.73486e-08
4.52637e-08
4.04301e-08
3.24155e-08
4.04301e-08
5.35382e-08
6.06631e-08
6.32626e-08
6.4371e-08
6.49222e-08
6.51896e-08
6.52979e-08
6.52979e-08
6.51896e-08
6.49222e-08
6.4371e-08
6.32626e-08
6.06631e-08
5.35382e-08
4.04301e-08
4.52637e-08
6.06631e-08
6.89706e-08
7.19747e-08
7.3244e-08
7.38766e-08
7.41867e-08
7.43136e-08
7.43136e-08
7.41867e-08
7.38766e-08
7.3244e-08
7.19747e-08
6.89706e-08
6.06631e-08
4.52637e-08
4.73486e-08
6.32626e-08
7.19747e-08
7.52414e-08
7.66609e-08
7.73782e-08
7.77339e-08
7.7881e-08
7.7881e-08
7.77339e-08
7.73782e-08
7.66609e-08
7.52414e-08
7.19747e-08
6.32626e-08
4.73486e-08
4.83233e-08
6.4371e-08
7.3244e-08
7.66609e-08
7.81851e-08
7.89673e-08
7.93599e-08
7.95235e-08
7.95235e-08
7.93599e-08
7.89673e-08
7.81851e-08
7.66609e-08
7.3244e-08
6.4371e-08
4.83233e-08
4.8814e-08
6.49222e-08
7.38766e-08
7.73782e-08
7.89673e-08
7.97927e-08
8.02109e-08
8.03863e-08
8.03863e-08
8.02109e-08
7.97927e-08
7.89673e-08
7.73782e-08
7.38766e-08
6.49222e-08
4.8814e-08
4.90491e-08
6.51896e-08
7.41867e-08
7.77339e-08
7.93599e-08
8.02109e-08
8.06448e-08
8.08275e-08
8.08275e-08
8.06448e-08
8.02109e-08
7.93599e-08
7.77339e-08
7.41867e-08
6.51896e-08
4.90491e-08
4.91422e-08
6.52979e-08
7.43136e-08
7.7881e-08
7.95235e-08
8.03863e-08
8.08275e-08
8.10137e-08
8.10137e-08
8.08275e-08
8.03863e-08
7.95235e-08
7.7881e-08
7.43136e-08
6.52979e-08
4.91422e-08
4.91422e-08
6.52979e-08
7.43136e-08
7.7881e-08
7.95235e-08
8.03863e-08
8.08275e-08
8.10137e-08
8.10137e-08
8.08275e-08
8.03863e-08
7.95235e-08
7.7881e-08
7.43136e-08
6.52979e-08
4.91422e-08
4.90491e-08
6.51896e-08
7.41867e-08
7.77339e-08
7.93599e-08
8.02109e-08
8.06448e-08
8.08275e-08
8.08275e-08
8.06448e-08
8.02109e-08
7.93599e-08
7.77339e-08
7.41867e-08
6.51896e-08
4.90491e-08
4.8814e-08
6.49222e-08
7.38766e-08
7.73782e-08
7.89673e-08
7.97927e-08
8.02109e-08
8.03863e-08
8.03863e-08
8.02109e-08
7.97927e-08
7.89673e-08
7.73782e-08
7.38766e-08
6.49222e-08
4.8814e-08
4.83233e-08
6.4371e-08
7.3244e-08
7.66609e-08
7.81851e-08
7.89673e-08
7.93599e-08
7.95235e-08
7.95235e-08
7.93599e-08
7.89673e-08
7.81851e-08
7.66609e-08
7.3244e-08
6.4371e-08
4.83233e-08
4.73486e-08
6.32626e-08
7.19747e-08
7.52414e-08
7.66609e-08
7.73782e-08
7.77339e-08
7.7881e-08
7.7881e-08
7.77339e-08
7.73782e-08
7.66609e-08
7.52414e-08
7.19747e-08
6.32626e-08
4.73486e-08
4.52637e-08
6.06631e-08
6.89706e-08
7.19747e-08
7.3244e-08
7.38766e-08
7.41867e-08
7.43136e-08
7.43136e-08
7.41867e-08
7.38766e-08
7.3244e-08
7.19747e-08
6.89706e-08
6.06631e-08
4.52637e-08
4.04301e-08
5.35382e-08
6.06631e-08
6.32626e-08
6.4371e-08
6.49222e-08
6.51896e-08
6.52979e-08
6.52979e-08
6.51896e-08
6.49222e-08
6.4371e-08
6.32626e-08
6.06631e-08
5.35382e-08
4.04301e-08
3.24155e-08
4.04301e-08
4.52637e-08
4.73486e-08
4.83233e-08
4.8814e-08
4.90491e-08
4.91422e-08
4.91422e-08
4.90491e-08
4.8814e-08
4.83233e-08
4.73486e-08
4.52637e-08
4.04301e-08
3.24155e-08
2.68601e-08
3.35008e-08
3.75058e-08
3.92332e-08
4.00408e-08
4.04474e-08
4.06422e-08
4.07193e-08
4.07193e-08
4.06422e-08
4.04474e-08
4.00408e-08
3.92332e-08
3.75058e-08
3.35008e-08
2.68601e-08
3.35008e-08
4.43617e-08
5.02651e-08
5.2419e-08
5.33373e-08
5.3794e-08
5.40156e-08
5.41053e-08
5.41053e-08
5.40156e-08
5.3794e-08
5.33373e-08
5.2419e-08
5.02651e-08
4.43617e-08
3.35008e-08
3.75058e-08
5.02651e-08
5.71484e-08
5.96375e-08
6.06892e-08
6.12134e-08
6.14702e-08
6.15754e-08
6.15754e-08
6.14702e-08
6.12134e-08
6.06892e-08
5.96375e-08
5.71484e-08
5.02651e-08
3.75058e-08
3.92332e-08
5.2419e-08
5.96375e-08
6.23442e-08
6.35203e-08
6.41146e-08
6.44094e-08
6.45313e-08
6.45313e-08
6.44094e-08
6.41146e-08
6.35203e-08
6.23442e-08
5.96375e-08
5.2419e-08
3.92332e-08
4.00408e-08
5.33373e-08
6.06892e-08
6.35203e-08
6.47832e-08
6.54313e-08
6.57566e-08
6.58922e-08
6.58922e-08
6.57566e-08
6.54313e-08
6.47832e-08
6.35203e-08
6.06892e-08
5.33373e-08
4.00408e-08
4.04474e-08
5.3794e-08
6.12134e-08
6.41146e-08
6.54313e-08
6.61152e-08
6.64617e-08
6.6607e-08
6.6607e-08
6.64617e-08
6.61152e-08
6.54313e-08
6.41146e-08
6.12134e-08
5.3794e-08
4.04474e-08
4.06422e-08
5.40156e-08
6.14702e-08
6.44094e-08
6.57566e-08
6.64617e-08
6.68212e-08
6.69726e-08
6.69726e-08
6.68212e-08
6.64617e-08
6.57566e-08
6.44094e-08
6.14702e-08
5.40156e-08
4.06422e-08
4.07193e-08
5.41053e-08
6.15754e-08
6.45313e-08
6.58922e-08
6.6607e-08
6.69726e-08
6.71269e-08
6.71269e-08
6.69726e-08
6.6607e-08
6.58922e-08
6.45313e-08
6.15754e-08
5.41053e-08
4.07193e-08
4.07193e-08
5.41053e-08
6.15754e-08
6.45313e-08
6.58922e-08
6.6607e-08
6.69726e-08
6.71269e-08
6.71269e-08
6.69726e-08
6.6607e-08
6.58922e-08
6.45313e-08
6.15754e-08
5.41053e-08
4.07193e-08
4.06422e-08
5.40156e-08
6.14702e-08
6.44094e-08
6.57566e-08
6.64617e-08
6.68212e-08
6.69726e-08
6.69726e-08
6.68212e-08
6.64617e-08
6.57566e-08
6.44094e-08
6.14702e-08
5.40156e-08
4.06422e-08
4.04474e-08
5.3794e-08
6.12134e-08
6.41146e-08
6.54313e-08
6.61152e-08
6.64617e-08
6.6607e-08
6.6607e-08
6.64617e-08
6.61152e-08
6.54313e-08
6.41146e-08
6.12134e-08
5.3794e-08
4.04474e-08
4.00408e-08
5.33373e-08
6.06892e-08
6.35203e-08
6.47832e-08
6.54313e-08
6.57566e-08
6.58922e-08
6.58922e-08
6.57566e-08
6.54313e-08
6.47832e-08
6.35203e-08
6.06892e-08
5.33373e-08
4.00408e-08
3.92332e-08
5.2419e-08
5.96375e-08
6.23442e-08
6.35203e-08
6.41146e-08
6.44094e-08
6.45313e-08
6.45313e-08
6.44094e-08
6.41146e-08
6.35203e-08
6.23442e-08
5.96375e-08
5.2419e-08
3.92332e-08
3.75058e-08
5.02651e-08
5.71484e-08
5.96375e-08
6.06892e-08
6.12134e-08
6.14702e-08
6.15754e-08
6.15754e-08
6.14702e-08
6.12134e-08
6.06892e-08
5.96375e-08
5.71484e-08
5.02651e-08
3.75058e-08
3.35008e-08
4.43617e-08
5.02651e-08
5.2419e-08
5.33373e-08
5.3794e-08
5.40156e-08
5.41053e-08
5.41053e-08
5.40156e-08
5.3794e-08
5.33373e-08
5.2419e-08
5.02651e-08
4.43617e-08
3.35008e-08
2.68601e-08
3.35008e-08
3.75058e-08
3.92332e-08
4.00408e-08
4.04474e-08
4.06422e-08
4.07193e-08
4.07193e-08
4.06422e-08
4.04474e-08
4.00408e-08
3.92332e-08
3.75058e-08
3.35008e-08
2.68601e-08
1.72893e-08
2.15637e-08
2.41416e-08
2.52535e-08
2.57733e-08
2.6035e-08
2.61604e-08
2.621e-08
2.621e-08
2.61604e-08
2.6035e-08
2.57733e-08
2.52535e-08
2.41416e-08
2.15637e-08
1.72893e-08
2.15637e-08
2.85545e-08
3.23543e-08
3.37407e-08
3.43318e-08
3.46258e-08
3.47684e-08
3.48262e-08
3.48262e-08
3.47684e-08
3.46258e-08
3.43318e-08
3.37407e-08
3.23543e-08
2.85545e-08
2.15637e-08
2.41416e-08
3.23543e-08
3.67849e-08
3.8387e-08
3.9064e-08
3.94014e-08
3.95667e-08
3.96344e-08
3.96344e-08
3.95667e-08
3.94014e-08
3.9064e-08
3.8387e-08
3.67849e-08
3.23543e-08
2.41416e-08
2.52535e-08
3.37407e-08
3.8387e-08
4.01292e-08
4.08862e-08
4.12688e-08
4.14585e-08
4.1537e-08
4.1537e-08
4.14585e-08
4.12688e-08
4.08862e-08
4.01292e-08
3.8387e-08
3.37407e-08
2.52535e-08
2.57733e-08
3.43318e-08
3.9064e-08
4.08862e-08
4.16991e-08
4.21163e-08
4.23257e-08
4.2413e-08
4.2413e-08
4.23257e-08
4.21163e-08
4.16991e-08
4.08862e-08
3.9064e-08
3.43318e-08
2.57733e-08
2.6035e-08
3.46258e-08
3.94014e-08
4.12688e-08
4.21163e-08
4.25565e-08
4.27796e-08
4.28731e-08
4.28731e-08
4.27796e-08
4.25565e-08
4.21163e-08
4.12688e-08
3.94014e-08
3.46258e-08
2.6035e-08
2.61604e-08
3.47684e-08
3.95667e-08
4.14585e-08
4.23257e-08
4.27796e-08
4.3011e-08
4.31084e-08
4.31084e-08
4.3011e-08
4.27796e-08
4.23257e-08
4.14585e-08
3.95667e-08
3.47684e-08
2.61604e-08
2.621e-08
3.48262e-08
3.96344e-08
4.1537e-08
4.2413e-08
4.28731e-08
4.31084e-08
4.32077e-08
4.32077e-08
4.31084e-08
4.28731e-08
4.2413e-08
4.1537e-08
3.96344e-08
3.48262e-08
2.621e-08
2.621e-08
3.48262e-08
3.96344e-08
4.1537e-08
4.2413e-08
4.28731e-08
4.31084e-08
4.32077e-08
4.32077e-08
4.31084e-08
4.28731e-08
4.2413e-08
4.1537e-08
3.96344e-08
3.48262e-08
2.621e-08
2.61604e-08
3.47684e-08
3.95667e-08
4.14585e-08
4.23257e-08
4.27796e-08
4.3011e-08
4.31084e-08
4.31084e-08
4.3011e-08
4.27796e-08
4.23257e-08
4.14585e-08
3.95667e-08
3.47684e-08
2.61604e-08
2.6035e-08
3.46258e-08
3.94014e-08
4.12688e-08
4.21163e-08
4.25565e-08
4.27796e-08
4.28731e-08
4.28731e-08
4.27796e-08
4.25565e-08
4.21163e-08
4.12688e-08
3.94014e-08
3.46258e-08
2.6035e-08
2.57733e-08
3.43318e-08
3.9064e-08
4.08862e-08
4.16991e-08
4.21163e-08
4.23257e-08
4.2413e-08
4.2413e-08
4.23257e-08
4.21163e-08
4.16991e-08
4.08862e-08
3.9064e-08
3.43318e-08
2.57733e-08
2.52535e-08
3.37407e-08
3.8387e-08
4.01292e-08
4.08862e-08
4.12688e-08
4.14585e-08
4.1537e-08
4.1537e-08
4.14585e-08
4.12688e-08
4.08862e-08
4.01292e-08
3.8387e-08
3.37407e-08
2.52535e-08
2.41416e-08
3.23543e-08
3.67849e-08
3.8387e-08
3.9064e-08
3.94014e-08
3.95667e-08
3.96344e-08
3.96344e-08
3.95667e-08
3.94014e-08
3.9064e-08
3.8387e-08
3.67849e-08
3.23543e-08
2.41416e-08
2.15637e-08
2.85545e-08
3.23543e-08
3.37407e-08
3.43318e-08
3.46258e-08
3.47684e-08
3.48262e-08
3.48262e-08
3.47684e-08
3.46258e-08
3.43318e-08
3.37407e-08
3.23543e-08
2.85545e-08
2.15637e-08
1.72893e-08
2.15637e-08
2.41416e-08
2.52535e-08
2.57733e-08
2.6035e-08
2.61604e-08
2.621e-08
2.621e-08
2.61604e-08
2.6035e-08
2.57733e-08
2.52535e-08
2.41416e-08
2.15637e-08
1.72893e-08
1.35733e-08
1.69289e-08
1.89526e-08
1.98254e-08
2.02335e-08
2.04389e-08
2.05374e-08
2.05763e-08
2.05763e-08
2.05374e-08
2.04389e-08
2.02335e-08
1.98254e-08
1.89526e-08
1.69289e-08
1.35733e-08
1.69289e-08
2.24169e-08
2.53998e-08
2.64882e-08
2.69522e-08
2.7183e-08
2.7295e-08
2.73403e-08
2.73403e-08
2.7295e-08
2.7183e-08
2.69522e-08
2.64882e-08
2.53998e-08
2.24169e-08
1.69289e-08
1.89526e-08
2.53998e-08
2.88779e-08
3.01357e-08
3.06671e-08
3.0932e-08
3.10618e-08
3.11149e-08
3.11149e-08
3.10618e-08
3.0932e-08
3.06671e-08
3.01357e-08
2.88779e-08
2.53998e-08
1.89526e-08
1.98254e-08
2.64882e-08
3.01357e-08
3.15034e-08
3.20976e-08
3.23979e-08
3.25469e-08
3.26085e-08
3.26085e-08
3.25469e-08
3.23979e-08
3.20976e-08
3.15034e-08
3.01357e-08
2.64882e-08
1.98254e-08
2.02335e-08
2.69522e-08
3.06671e-08
3.20976e-08
3.27358e-08
3.30633e-08
3.32277e-08
3.32962e-08
3.32962e-08
3.32277e-08
3.30633e-08
3.27358e-08
3.20976e-08
3.06671e-08
2.69522e-08
2.02335e-08
2.04389e-08
2.7183e-08
3.0932e-08
3.23979e-08
3.30633e-08
3.34089e-08
3.3584e-08
3.36574e-08
3.36574e-08
3.3584e-08
3.34089e-08
3.30633e-08
3.23979e-08
3.0932e-08
2.7183e-08
2.04389e-08
2.05374e-08
2.7295e-08
3.10618e-08
3.25469e-08
3.32277e-08
3.3584e-08
3.37656e-08
3.38421e-08
3.38421e-08
3.37656e-08
3.3584e-08
3.32277e-08
3.25469e-08
3.10618e-08
2.7295e-08
2.05374e-08
2.05763e-08
2.73403e-08
3.11149e-08
3.26085e-08
3.32962e-08
3.36574e-08
3.38421e-08
3.39201e-08
3.39201e-08
3.38421e-08
3.36574e-08
3.32962e-08
3.26085e-08
3.11149e-08
2.73403e-08
2.05763e-08
2.05763e-08
2.73403e-08
3.11149e-08
3.26085e-08
3.32962e-08
3.36574e-08
3.38421e-08
3.39201e-08
3.39201e-08
3.38421e-08
3.36574e-08
3.32962e-08
3.26085e-08
3.11149e-08
2.73403e-08
2.05763e-08
2.05374e-08
2.7295e-08
3.10618e-08
3.25469e-08
3.32277e-08
3.3584e-08
3.37656e-08
3.38421e-08
3.38421e-08
3.37656e-08
3.3584e-08
3.32277e-08
3.25469e-08
3.10618e-08
2.7295e-08
2.05374e-08
2.04389e-08
2.7183e-08
3.0932e-08
3.23979e-08
3.30633e-08
3.34089e-08
3.3584e-08
3.36574e-08
3.36574e-08
3.3584e-08
3.34089e-08
3.30633e-08
3.23979e-08
3.0932e-08
2.7183e-08
2.04389e-08
2.02335e-08
2.69522e-08
3.06671e-08
3.20976e-08
3.27358e-08
3.30633e-08
3.32277e-08
3.32962e-08
3.32962e-08
3.32277e-08
3.30633e-08
3.27358e-08
3.20976e-08
3.06671e-08
2.69522e-08
2.02335e-08
1.98254e-08
2.64882e-08
3.01357e-08
3.15034e-08
3.20976e-08
3.23979e-08
3.25469e-08
3.26085e-08
3.26085e-08
3.25469e-08
3.23979e-08
3.20976e-08
3.15034e-08
3.01357e-08
2.64882e-08
1.98254e-08
1.89526e-08
2.53998e-08
2.88779e-08
3.01357e-08
3.06671e-08
3.0932e-08
3.10618e-08
3.11149e-08
3.11149e-08
3.10618e-08
3.0932e-08
3.06671e-08
3.01357e-08
2.88779e-08
2.53998e-08
1.89526e-08
1.69289e-08
2.24169e-08
2.53998e-08
2.64882e-08
2.69522e-08
2.7183e-08
2.7295e-08
2.73403e-08
2.73403e-08
2.7295e-08
2.7183e-08
2.69522e-08
2.64882e-08
2.53998e-08
2.24169e-08
1.69289e-08
1.35733e-08
1.69289e-08
1.89526e-08
1.98254e-08
2.02335e-08
2.04389e-08
2.05374e-08
2.05763e-08
2.05763e-08
2.05374e-08
2.04389e-08
2.02335e-08
1.98254e-08
1.89526e-08
1.69289e-08
1.35733e-08
7.04468e-09
8.78608e-09
9.83626e-09
1.02892e-08
1.0501e-08
1.06076e-08
1.06587e-08
1.06789e-08
1.06789e-08
1.06587e-08
1.06076e-08
1.0501e-08
1.02892e-08
9.83626e-09
8.78608e-09
7.04468e-09
8.78608e-09
1.16341e-08
1.31821e-08
1.37469e-08
1.39877e-08
1.41075e-08
1.41656e-08
1.41891e-08
1.41891e-08
1.41656e-08
1.41075e-08
1.39877e-08
1.37469e-08
1.31821e-08
1.16341e-08
8.78608e-09
9.83626e-09
1.31821e-08
1.49871e-08
1.56398e-08
1.59155e-08
1.6053e-08
1.61203e-08
1.61479e-08
1.61479e-08
1.61203e-08
1.6053e-08
1.59155e-08
1.56398e-08
1.49871e-08
1.31821e-08
9.83626e-09
1.02892e-08
1.37469e-08
1.56398e-08
1.63495e-08
1.66579e-08
1.68138e-08
1.68911e-08
1.6923e-08
1.6923e-08
1.68911e-08
1.68138e-08
1.66579e-08
1.63495e-08
1.56398e-08
1.37469e-08
1.02892e-08
1.0501e-08
1.39877e-08
1.59155e-08
1.66579e-08
1.69891e-08
1.7159e-08
1.72443e-08
1.72799e-08
1.72799e-08
1.72443e-08
1.7159e-08
1.69891e-08
1.66579e-08
1.59155e-08
1.39877e-08
1.0501e-08
1.06076e-08
1.41075e-08
1.6053e-08
1.68138e-08
1.7159e-08
1.73384e-08
1.74293e-08
1.74674e-08
1.74674e-08
1.74293e-08
1.73384e-08
1.7159e-08
1.68138e-08
1.6053e-08
1.41075e-08
1.06076e-08
1.06587e-08
1.41656e-08
1.61203e-08
1.68911e-08
1.72443e-08
1.74293e-08
1.75235e-08
1.75632e-08
1.75632e-08
1.75235e-08
1.74293e-08
1.72443e-08
1.68911e-08
1.61203e-08
1.41656e-08
1.06587e-08
1.06789e-08
1.41891e-08
1.61479e-08
1.6923e-08
1.72799e-08
1.74674e-08
1.75632e-08
1.76037e-08
1.76037e-08
1.75632e-08
1.74674e-08
1.72799e-08
1.6923e-08
1.61479e-08
1.41891e-08
1.06789e-08
1.06789e-08
1.41891e-08
1.61479e-08
1.6923e-08
1.72799e-08
1.74674e-08
1.75632e-08
1.76037e-08
1.76037e-08
1.75632e-08
1.74674e-08
1.72799e-08
1.6923e-08
1.61479e-08
1.41891e-08
1.06789e-08
1.06587e-08
1.41656e-08
1.61203e-08
1.68911e-08
1.72443e-08
1.74293e-08
1.75235e-08
1.75632e-08
1.75632e-08
1.75235e-08
1.74293e-08
1.72443e-08
1.68911e-08
1.61203e-08
1.41656e-08
1.06587e-08
1.06076e-08
1.41075e-08
1.6053e-08
1.68138e-08
1.7159e-08
1.73384e-08
1.74293e-08
1.74674e-08
1.74674e-08
1.74293e-08
1.73384e-08
1.7159e-08
1.68138e-08
1.6053e-08
1.41075e-08
1.06076e-08
1.0501e-08
1.39877e-08
1.59155e-08
1.66579e-08
1.69891e-08
1.7159e-08
1.72443e-08
1.72799e-08
1.72799e-08
1.72443e-08
1.7159e-08
1.69891e-08
1.66579e-08
1.59155e-08
1.39877e-08
1.0501e-08
1.02892e-08
1.37469e-08
1.56398e-08
1.63495e-08
1.66579e-08
1.68138e-08
1.68911e-08
1.6923e-08
1.6923e-08
1.68911e-08
1.68138e-08
1.66579e-08
1.63495e-08
1.56398e-08
1.37469e-08
1.02892e-08
9.83626e-09
1.31821e-08
1.49871e-08
1.56398e-08
1.59155e-08
1.6053e-08
1.61203e-08
1.61479e-08
1.61479e-08
1.61203e-08
1.6053e-08
1.59155e-08
1.56398e-08
1.49871e-08
1.31821e-08
9.83626e-09
8.78608e-09
1.16341e-08
1.31821e-08
1.37469e-08
1.39877e-08
1.41075e-08
1.41656e-08
1.41891e-08
1.41891e-08
1.41656e-08
1.41075e-08
1.39877e-08
1.37469e-08
1.31821e-08
1.16341e-08
8.78608e-09
7.04468e-09
8.78608e-09
9.83626e-09
1.02892e-08
1.0501e-08
1.06076e-08
1.06587e-08
1.06789e-08
1.06789e-08
1.06587e-08
1.06076e-08
1.0501e-08
1.02892e-08
9.83626e-09
8.78608e-09
7.04468e-09
0
0
0
0
0
0
0
0
0
0
0
0
0
0
0
0
0
0
0
0
0
0
0
0
0
0
0
0
0
0
0
0
0
0
0
0
0
0
0
0
0
0
0
0
0
0
0
0
0
0
0
0
0
0
0
0
0
0
0
0
0
0
0
0
0
0
0
0
0
0
0
0
0
0
0
0
0
0
0
0
0
0
0
0
0
0
0
0
0
0
0
0
0
0
0
0
0
0
0
0
0
0
0
0
0
0
0
0
0
0
0
0
0
0
0
0
0
0
0
0
0
0
0
0
0
0
0
0
0
0
0
0
0
0
0
0
0
0
0
0
0
0
0
0
0
0
0
0
0
0
0
0
0
0
0
0
0
0
0
0
0
0
0
0
0
0
0
0
0
0
0
0
0
0
0
0
0
0
0
0
0
0
0
0
0
0
0
0
0
0
0
0
0
0
0
0
0
0
0
0
0
0
0
0
0
0
0
0
0
0
0
0
0
0
0
0
0
0
0
0
0
0
0
0
0
0
0
0
0
0
0
0
0
0
0
0
0
0
0
0
0
0
0
0
0
0
0
0
0
0
0
0
0
0
0
0
