0.0257423
0.0257423
0.0257423
0.0257423
0.0257423
0.0257423
0.0257423
0.0257423
0.0257423
0.0257423
0.0257423
0.0257423
0.0257423
0.0257423
0.0257423
0.0257423
0.0257423
1.8812
1.8812
1.8812
1.8812
1.8812
1.8812
1.8812
1.8812
1.8812
1.8812
1.8812
1.8812
1.8812
1.8812
0.0257423
0.0257423
1.8812
1.8812
1.8812
1.8812
1.8812
1.8812
1.8812
1.8812
1.8812
1.8812
1.8812
1.8812
1.8812
1.8812
0.0257423
0.0257423
1.8812
1.8812
1.8812
1.8812
1.8812
1.8812
1.8812
1.8812
1.8812
1.8812
1.8812
1.8812
1.8812
1.8812
0.0257423
0.0257423
1.8812
1.8812
1.8812
1.8812
1.8812
1.8812
1.8812
1.8812
1.8812
1.8812
1.8812
1.8812
1.8812
1.8812
0.0257423
0.0257423
1.8812
1.8812
1.8812
1.8812
1.8812
1.8812
1.8812
1.8812
1.8812
1.8812
1.8812
1.8812
1.8812
1.8812
0.0257423
0.0257423
1.8812
1.8812
1.8812
1.8812
1.8812
1.8812
1.8812
1.8812
1.8812
1.8812
1.8812
1.8812
1.8812
1.8812
0.0257423
0.0257423
1.8812
1.8812
1.8812
1.8812
1.8812
1.8812
1.8812
1.8812
1.8812
1.8812
1.8812
1.8812
1.8812
1.8812
0.0257423
0.0257423
1.8812
1.8812
1.8812
1.8812
1.8812
1.8812
1.8812
1.8812
1.8812
1.8812
1.8812
1.8812
1.8812
1.8812
0.0257423
0.0257423
1.8812
1.8812
1.8812
1.8812
1.8812
1.8812
1.8812
1.8812
1.8812
1.8812
1.8812
1.8812
1.8812
1.8812
0.0257423
0.0257423
1.8812
1.8812
1.8812
1.8812
1.8812
1.8812
1.8812
1.8812
1.8812
1.8812
1.8812
1.8812
1.8812
1.8812
0.0257423
0.0257423
1.8812
1.8812
1.8812
1.8812
1.8812
1.8812
1.8812
1.8812
1.8812
1.8812
1.8812
1.8812
1.8812
1.8812
0.0257423
0.0257423
1.8812
1.8812
1.8812
1.8812
1.8812
1.8812
1.8812
1.8812
1.8812
1.8812
1.8812
1.8812
1.8812
1.8812
0.0257423
0.0257423
1.8812
1.8812
1.8812
1.8812
1.8812
1.8812
1.8812
1.8812
1.8812
1.8812
1.8812
1.8812
1.8812
1.8812
0.0257423
0.0257423
1.8812
1.8812
1.8812
1.8812
1.8812
1.8812
1.8812
1.8812
1.8812
1.8812
1.8812
1.8812
1.8812
1.8812
0.0257423
0.0257423
0.0257423
0.0257423
0.0257423
0.0257423
0.0257423
0.0257423
0.0257423
0.0257423
0.0257423
0.0257423
0.0257423
0.0257423
0.0257423
0.0257423
0.0257423
0.040629
0.040629
0.040629
0.040629
0.040629
0.040629
0.040629
0.040629
0.040629
0.040629
0.040629
0.040629
0.040629
0.040629
0.040629
0.040629
0.040629
0.040629
0.040629
0.040629
0.040629
0.040629
0.040629
0.040629
0.040629
0.040629
0.040629
5.76396
5.76396
0.040629
0.040629
0.040629
0.040629
0.040629
0.040629
0.040629
0.040629
0.040629
0.040629
0.040629
5.76396
5.76396
0.040629
5.76396
0.040629
0.040629
0.040629
0.040629
0.040629
0.040629
0.040629
5.76396
5.76396
5.76396
5.76396
5.76396
5.76396
0.040629
0.040629
0.040629
0.040629
0.040629
5.76396
0.040629
0.040629
5.76396
5.76396
5.76396
5.76396
5.76396
5.76396
5.76396
5.76396
5.76396
5.76396
5.76396
5.76396
5.76396
5.76396
0.040629
0.040629
0.040629
0.040629
0.040629
0.040629
0.040629
0.040629
0.040629
0.040629
0.040629
0.040629
0.040629
0.040629
0.040629
0.040629
0.040629
0.040629
0.040629
0.040629
0.040629
0.040629
0.040629
0.040629
0.040629
0.040629
0.040629
0.040629
0.040629
0.040629
0.040629
0.040629
0.040629
0.040629
0.040629
0.040629
0.040629
0.040629
0.040629
0.040629
0.040629
0.040629
0.040629
0.040629
0.040629
0.040629
0.040629
0.040629
0.040629
0.040629
0.040629
0.040629
0.040629
0.040629
0.040629
0.040629
0.040629
0.040629
0.040629
0.040629
0.040629
0.040629
0.040629
0.040629
0.040629
0.040629
0.040629
0.040629
0.040629
0.040629
0.040629
0.040629
0.040629
0.040629
0.040629
0.040629
0.040629
0.040629
0.040629
0.040629
0.040629
0.040629
0.040629
0.040629
0.040629
0.040629
0.040629
0.040629
0.040629
0.040629
0.040629
0.040629
0.040629
0.040629
0.040629
0.040629
0.040629
0.040629
0.040629
5.76396
5.76396
5.76396
5.76396
5.76396
5.76396
5.76396
5.76396
5.76396
5.76396
5.76396
5.76396
5.76396
0.040629
0.040629
5.76396
5.76396
5.76396
5.76396
5.76396
5.76396
5.76396
5.76396
5.76396
0.040629
0.040629
5.76396
5.76396
0.040629
0.040629
0.040629
0.040629
0.040629
0.040629
0.040629
0.040629
5.76396
5.76396
0.040629
0.040629
0.040629
0.040629
0.040629
0.040629
0.040629
0.040629
0.040629
0.040629
0.040629
0.040629
0.040629
0.040629
0.040629
0.040629
0.040629
0.040629
0.040629
0.040629
0.040629
0.040629
0.040629
0.040629
0.040629
0.040629
0.040629
0.040629
0.040629
0.040629
0.040629
0.040629
0.040629
0.040629
0.040629
0.040629
0.040629
0.040629
0.040629
0.040629
5.60432e-17
6.25127e-17
6.48528e-17
6.01043e-17
6.37236e-17
6.20019e-17
6.78734e-17
6.17155e-17
6.36797e-17
6.40761e-17
7.49906e-17
6.25851e-17
5.8501e-17
6.05978e-17
5.85468e-17
6.01774e-17
5.83285e-17
2.67373e-16
2.63657e-16
2.65965e-16
2.63335e-16
2.63946e-16
2.63077e-16
2.66863e-16
2.65662e-16
2.68594e-16
2.6361e-16
2.69573e-16
2.67573e-16
2.65801e-16
2.6376e-16
7.24429e-17
6.77156e-17
2.6246e-16
2.69796e-16
2.64288e-16
2.6419e-16
2.63848e-16
2.68757e-16
2.64721e-16
2.69954e-16
2.66036e-16
2.67587e-16
2.70149e-16
2.63461e-16
2.64872e-16
2.67686e-16
6.55371e-17
5.80636e-17
2.6739e-16
2.63671e-16
2.77711e-16
2.68926e-16
2.74734e-16
2.70038e-16
2.7038e-16
2.71511e-16
2.68655e-16
2.62087e-16
2.69643e-16
2.65154e-16
2.68155e-16
2.70958e-16
6.00525e-17
6.04221e-17
2.67176e-16
2.69552e-16
2.68363e-16
2.71983e-16
2.67943e-16
2.7064e-16
2.68796e-16
2.70792e-16
2.69053e-16
2.69469e-16
2.68691e-16
2.70554e-16
2.69077e-16
2.7024e-16
6.07742e-17
6.06922e-17
2.6404e-16
2.64321e-16
2.69598e-16
2.63263e-16
2.66192e-16
2.63848e-16
2.64452e-16
2.66505e-16
2.66451e-16
2.63455e-16
2.68585e-16
2.63669e-16
2.67715e-16
2.63554e-16
7.40899e-17
5.64946e-17
2.6454e-16
2.67622e-16
2.62807e-16
2.65943e-16
2.63839e-16
2.6759e-16
2.64954e-16
2.65039e-16
2.6478e-16
2.67559e-16
2.65274e-16
2.65493e-16
2.63537e-16
2.67628e-16
6.8443e-17
5.92479e-17
2.68017e-16
2.6614e-16
2.70508e-16
2.64512e-16
2.6638e-16
2.66833e-16
2.66394e-16
2.68288e-16
2.6889e-16
2.64609e-16
2.66414e-16
2.64914e-16
2.65074e-16
2.65694e-16
6.81486e-17
6.08662e-17
2.67136e-16
2.66471e-16
2.66856e-16
2.70465e-16
2.65258e-16
2.66792e-16
2.66159e-16
2.69905e-16
2.66519e-16
2.68269e-16
2.68064e-16
2.6995e-16
2.67006e-16
2.64693e-16
6.78426e-17
5.80875e-17
2.68238e-16
2.64809e-16
2.67269e-16
2.64488e-16
2.65521e-16
2.63711e-16
2.66779e-16
2.65914e-16
2.68007e-16
2.65035e-16
2.66035e-16
2.63893e-16
2.64513e-16
2.6625e-16
6.28669e-17
6.19852e-17
2.64629e-16
2.67403e-16
2.65749e-16
2.62777e-16
2.64851e-16
2.692e-16
2.67259e-16
2.65735e-16
2.65265e-16
2.69075e-16
2.64794e-16
2.63828e-16
2.67133e-16
2.68163e-16
6.48916e-17
6.45201e-17
2.66471e-16
2.70864e-16
2.7562e-16
2.69122e-16
2.71383e-16
2.69568e-16
2.70181e-16
2.71561e-16
2.65884e-16
2.70819e-16
2.75073e-16
2.69019e-16
2.71869e-16
2.70748e-16
7.12413e-17
5.95599e-17
2.67638e-16
2.69587e-16
2.68363e-16
2.70914e-16
2.71056e-16
2.70428e-16
2.6952e-16
2.726e-16
2.67715e-16
2.66491e-16
2.66108e-16
2.71057e-16
2.6946e-16
2.66437e-16
6.50206e-17
6.39768e-17
2.66157e-16
2.63353e-16
2.67012e-16
2.64949e-16
2.67545e-16
2.71475e-16
2.6987e-16
2.69829e-16
2.66831e-16
2.63597e-16
2.66661e-16
2.65048e-16
2.68196e-16
2.63656e-16
6.11969e-17
6.17154e-17
2.6355e-16
2.67868e-16
2.64188e-16
2.63761e-16
2.62251e-16
2.67464e-16
2.65154e-16
2.65416e-16
2.64812e-16
2.66757e-16
2.64547e-16
2.64622e-16
2.63852e-16
2.66286e-16
6.05999e-17
7.20191e-17
6.95633e-17
6.24437e-17
7.41045e-17
6.73804e-17
6.44777e-17
7.24338e-17
6.4339e-17
6.48252e-17
6.5375e-17
6.24384e-17
6.57082e-17
6.81001e-17
6.84373e-17
6.10043e-17
6.67515e-17
4.38874e-17
3.99398e-17
4.34369e-17
4.4501e-17
4.37921e-17
4.33549e-17
4.54262e-17
4.40793e-17
4.3771e-17
4.45664e-17
4.62598e-17
4.25866e-17
4.31808e-17
4.08975e-17
4.46854e-17
4.22046e-17
4.53028e-17
6.01888e-17
6.14749e-17
5.85399e-17
6.14044e-17
5.95174e-17
5.94851e-17
5.89466e-17
6.13475e-17
5.95708e-17
6.0208e-17
7.81238e-16
7.66463e-16
6.00399e-17
6.01945e-17
4.12483e-17
4.15989e-17
6.23311e-17
6.0206e-17
6.38805e-17
6.34545e-17
6.47824e-17
5.95184e-17
5.97523e-17
7.69436e-16
7.72045e-16
6.01538e-17
7.78444e-16
6.37362e-17
6.06339e-17
6.13001e-17
4.33881e-17
3.63936e-17
5.94563e-17
6.31442e-17
7.75111e-16
7.79815e-16
7.733e-16
7.79524e-16
7.72098e-16
7.82698e-16
6.17347e-17
6.4679e-17
5.88458e-17
5.96651e-17
6.15489e-17
7.72815e-16
4.3989e-17
4.40767e-17
7.61916e-16
7.66323e-16
7.77438e-16
7.62652e-16
7.79566e-16
7.64611e-16
7.6754e-16
7.56845e-16
7.67627e-16
7.63984e-16
7.84153e-16
7.62538e-16
7.82744e-16
7.70013e-16
4.52466e-17
4.05332e-17
5.93809e-17
6.47966e-17
5.81714e-17
5.88648e-17
6.27092e-17
6.16071e-17
5.98677e-17
5.98947e-17
6.03641e-17
6.07805e-17
6.03277e-17
5.8116e-17
6.13472e-17
6.02174e-17
4.07734e-17
4.58542e-17
6.24864e-17
6.11647e-17
6.34599e-17
6.6759e-17
5.99137e-17
6.18222e-17
6.03143e-17
6.0139e-17
6.30372e-17
6.28962e-17
6.1948e-17
6.46208e-17
6.36598e-17
5.82912e-17
4.76101e-17
4.56916e-17
6.02248e-17
6.23523e-17
5.87566e-17
6.03239e-17
5.71829e-17
6.43945e-17
5.99465e-17
6.23151e-17
5.97231e-17
6.37436e-17
6.07824e-17
5.9066e-17
5.78994e-17
6.21879e-17
4.4103e-17
4.19703e-17
6.1053e-17
6.02519e-17
6.25198e-17
6.18523e-17
6.09831e-17
6.19251e-17
6.26473e-17
6.4084e-17
6.34984e-17
6.20577e-17
6.20694e-17
6.28587e-17
6.07437e-17
5.8299e-17
4.23365e-17
4.25152e-17
5.89321e-17
6.13818e-17
6.09779e-17
6.20281e-17
6.09275e-17
6.06226e-17
6.00789e-17
6.6229e-17
6.09408e-17
5.76301e-17
5.98509e-17
6.21164e-17
6.27791e-17
6.0795e-17
4.23821e-17
3.91099e-17
5.89323e-17
6.07822e-17
6.13782e-17
6.20049e-17
6.23126e-17
6.29222e-17
6.51937e-17
6.32541e-17
6.06689e-17
6.31536e-17
6.13333e-17
6.09415e-17
5.94201e-17
5.92835e-17
4.45042e-17
4.13107e-17
5.8851e-17
7.75798e-16
7.70784e-16
7.7968e-16
7.67542e-16
7.75464e-16
7.72396e-16
7.8514e-16
7.73291e-16
7.72836e-16
7.73585e-16
7.79711e-16
7.68389e-16
7.68272e-16
3.93547e-17
4.70609e-17
7.61817e-16
7.66429e-16
7.77694e-16
7.62664e-16
7.79567e-16
7.64384e-16
7.67396e-16
7.56792e-16
7.67671e-16
6.39444e-17
6.16137e-17
7.62514e-16
7.82982e-16
6.56192e-17
4.70538e-17
4.03951e-17
5.91664e-17
6.25156e-17
6.29267e-17
6.27355e-17
6.02176e-17
7.68073e-16
7.7213e-16
6.19899e-17
6.23358e-17
6.0563e-17
5.91349e-17
6.02605e-17
6.12752e-17
6.13501e-17
4.5659e-17
4.19785e-17
6.13866e-17
5.87427e-17
6.00059e-17
6.40728e-17
6.0096e-17
5.90468e-17
6.03977e-17
6.09906e-17
6.07516e-17
6.14267e-17
6.32336e-17
6.06755e-17
6.26315e-17
5.86064e-17
4.40802e-17
4.25201e-17
4.54618e-17
4.63064e-17
4.12015e-17
4.36162e-17
4.14344e-17
4.90969e-17
4.36676e-17
4.89756e-17
4.76651e-17
4.64646e-17
4.29197e-17
4.39482e-17
4.20365e-17
4.69843e-17
4.21323e-17
3.10169e-17
2.94012e-17
3.41992e-17
3.34442e-17
2.78612e-17
3.11059e-17
3.49166e-17
3.44882e-17
2.96661e-17
3.29146e-17
3.42748e-17
3.45394e-17
2.99361e-17
3.28532e-17
3.41668e-17
3.33787e-17
3.48692e-17
3.68558e-17
3.11537e-17
3.62943e-17
3.53703e-17
3.79385e-17
3.58241e-17
3.8108e-17
3.71723e-17
3.37707e-17
3.39035e-17
1.18805e-16
1.27521e-16
3.49783e-17
3.79808e-17
3.53822e-17
3.45643e-17
3.72951e-17
3.69198e-17
3.51929e-17
3.62998e-17
3.8167e-17
3.83812e-17
3.78284e-17
1.30303e-16
1.22272e-16
3.71415e-17
1.18797e-16
3.39506e-17
3.47914e-17
3.66038e-17
3.54917e-17
3.25737e-17
3.51412e-17
3.64288e-17
1.17814e-16
1.17735e-16
1.23506e-16
1.17561e-16
1.15715e-16
1.24001e-16
3.45946e-17
3.75344e-17
3.45407e-17
3.64633e-17
3.69803e-17
1.17372e-16
3.455e-17
3.07053e-17
1.27082e-16
1.29609e-16
1.18822e-16
1.26719e-16
1.21769e-16
1.23725e-16
1.18835e-16
1.26583e-16
1.27372e-16
1.26345e-16
1.16627e-16
1.26812e-16
1.24534e-16
1.19992e-16
3.81549e-17
3.46879e-17
3.52638e-17
3.73983e-17
3.56483e-17
3.58466e-17
3.80899e-17
3.81239e-17
3.90044e-17
3.39892e-17
3.5942e-17
3.67822e-17
3.67577e-17
3.64609e-17
3.59339e-17
3.40868e-17
3.31173e-17
3.26112e-17
2.96852e-17
3.74169e-17
3.41407e-17
3.54472e-17
3.6161e-17
3.3584e-17
3.33644e-17
3.20528e-17
3.40534e-17
3.24155e-17
3.1685e-17
3.1879e-17
3.52745e-17
3.24091e-17
3.47296e-17
3.25671e-17
3.17882e-17
3.71089e-17
3.43731e-17
3.55247e-17
3.46576e-17
3.67736e-17
3.77418e-17
3.24001e-17
3.4977e-17
3.47384e-17
3.25665e-17
3.40133e-17
3.44631e-17
3.60575e-17
3.52459e-17
2.74628e-17
3.20201e-17
3.27735e-17
3.16065e-17
3.18152e-17
3.32434e-17
3.29919e-17
3.59754e-17
2.99672e-17
3.50841e-17
3.21045e-17
3.18345e-17
3.13169e-17
3.22861e-17
3.64581e-17
3.12014e-17
3.1968e-17
3.67917e-17
3.72043e-17
3.18343e-17
3.68724e-17
3.88875e-17
3.47266e-17
3.4558e-17
3.47496e-17
3.69711e-17
3.88193e-17
3.55052e-17
3.9217e-17
3.67227e-17
4.09776e-17
3.40066e-17
3.61579e-17
3.63497e-17
3.50656e-17
3.52381e-17
3.65597e-17
3.89422e-17
3.51614e-17
3.51216e-17
3.42704e-17
3.49717e-17
3.34449e-17
3.49241e-17
3.52109e-17
3.72894e-17
3.30445e-17
4.00911e-17
3.10574e-17
3.34045e-17
1.14499e-16
1.15999e-16
1.14847e-16
1.20787e-16
1.12773e-16
1.16454e-16
1.21871e-16
1.24361e-16
1.15626e-16
1.1631e-16
1.15054e-16
1.19449e-16
1.1355e-16
3.72217e-17
3.17219e-17
1.27468e-16
1.28665e-16
1.18887e-16
1.27035e-16
1.21633e-16
1.23781e-16
1.18489e-16
1.269e-16
1.26994e-16
3.44633e-17
3.33172e-17
1.26866e-16
1.24651e-16
3.21724e-17
3.69433e-17
3.17247e-17
3.7502e-17
3.62171e-17
3.86464e-17
3.50625e-17
3.72034e-17
1.22614e-16
1.21591e-16
3.4384e-17
3.58282e-17
3.66504e-17
3.61405e-17
3.57932e-17
3.34556e-17
3.67172e-17
3.35003e-17
3.37081e-17
3.51258e-17
3.5511e-17
3.39961e-17
3.53999e-17
3.54502e-17
3.48009e-17
3.55405e-17
3.38334e-17
3.80452e-17
3.30616e-17
3.46065e-17
3.51649e-17
3.82295e-17
3.36174e-17
3.65711e-17
3.19788e-17
3.36998e-17
3.57065e-17
3.70855e-17
3.35491e-17
3.62176e-17
3.6457e-17
3.50256e-17
3.34556e-17
3.58885e-17
3.41511e-17
3.33216e-17
3.56966e-17
3.22886e-17
3.65438e-17
3.47816e-17
3.13894e-17
2.89991e-17
3.0083e-17
2.81775e-17
2.79106e-17
2.86238e-17
2.83817e-17
3.11093e-17
3.37531e-17
3.11965e-17
2.71286e-17
2.98396e-17
2.84386e-17
2.79947e-17
2.95749e-17
3.13911e-17
3.02362e-17
2.12994e-16
2.12851e-16
2.13562e-16
2.13446e-16
2.13475e-16
2.13743e-16
2.13321e-16
2.14953e-16
2.12694e-16
2.13643e-16
3.27521e-16
3.29904e-16
2.13918e-16
2.13004e-16
3.18723e-17
3.03016e-17
2.1317e-16
2.14397e-16
2.14585e-16
2.14478e-16
2.13377e-16
2.14052e-16
2.13972e-16
3.23863e-16
3.26475e-16
2.14683e-16
3.28087e-16
2.14046e-16
2.14695e-16
2.14592e-16
3.15341e-17
3.03352e-17
2.1504e-16
2.13735e-16
3.26088e-16
3.27957e-16
3.26079e-16
3.26876e-16
3.29314e-16
3.26767e-16
2.14381e-16
2.13848e-16
2.13513e-16
2.14054e-16
2.1411e-16
3.29031e-16
3.0379e-17
2.94907e-17
3.28139e-16
3.2264e-16
3.26994e-16
3.2214e-16
3.28659e-16
3.22605e-16
3.31021e-16
3.28111e-16
3.30251e-16
3.22107e-16
3.28573e-16
3.21959e-16
3.27528e-16
3.23953e-16
3.56141e-17
2.9573e-17
2.13531e-16
2.1257e-16
2.13379e-16
2.1212e-16
2.13185e-16
2.12386e-16
2.13622e-16
2.14228e-16
2.12656e-16
2.12036e-16
2.11556e-16
2.12068e-16
2.12151e-16
2.11772e-16
2.95424e-17
2.78511e-17
2.14195e-16
2.13309e-16
2.15398e-16
2.14103e-16
2.13239e-16
2.13851e-16
2.13304e-16
2.13766e-16
2.13126e-16
2.13693e-16
2.12889e-16
2.14025e-16
2.14615e-16
2.13714e-16
3.02908e-17
3.11008e-17
2.12622e-16
2.13621e-16
2.14551e-16
2.13117e-16
2.13239e-16
2.15417e-16
2.12255e-16
2.13766e-16
2.11968e-16
2.13704e-16
2.12697e-16
2.13354e-16
2.13064e-16
2.14286e-16
3.25211e-17
3.26001e-17
2.15208e-16
2.1359e-16
2.14171e-16
2.15695e-16
2.13807e-16
2.13947e-16
2.13599e-16
2.1767e-16
2.12996e-16
2.13064e-16
2.13318e-16
2.15351e-16
2.1407e-16
2.14088e-16
3.21084e-17
3.01346e-17
2.12958e-16
2.13367e-16
2.13637e-16
2.12166e-16
2.13449e-16
2.13172e-16
2.13288e-16
2.12742e-16
2.12181e-16
2.12598e-16
2.12815e-16
2.12176e-16
2.14078e-16
2.12999e-16
3.14638e-17
2.92913e-17
2.14719e-16
2.14179e-16
2.13936e-16
2.14147e-16
2.13034e-16
2.14187e-16
2.14529e-16
2.13428e-16
2.12578e-16
2.14684e-16
2.12162e-16
2.14267e-16
2.14203e-16
2.14764e-16
3.15785e-17
2.84467e-17
2.13207e-16
3.26978e-16
3.27134e-16
3.30462e-16
3.27926e-16
3.27773e-16
3.31388e-16
3.27502e-16
3.2849e-16
3.26873e-16
3.29797e-16
3.30446e-16
3.2663e-16
3.28465e-16
3.1536e-17
3.0161e-17
3.2814e-16
3.22323e-16
3.26678e-16
3.22153e-16
3.28908e-16
3.22546e-16
3.31055e-16
3.28093e-16
3.29926e-16
2.13362e-16
2.13561e-16
3.22073e-16
3.27546e-16
2.14587e-16
3.23765e-17
2.87591e-17
2.14523e-16
2.13162e-16
2.13833e-16
2.12638e-16
2.1286e-16
3.27794e-16
3.28819e-16
2.14038e-16
2.13086e-16
2.1384e-16
2.12419e-16
2.11991e-16
2.13763e-16
2.1257e-16
3.03753e-17
2.82249e-17
2.13974e-16
2.13898e-16
2.14476e-16
2.14075e-16
2.13216e-16
2.1398e-16
2.13697e-16
2.15523e-16
2.13048e-16
2.13747e-16
2.11878e-16
2.14327e-16
2.13633e-16
2.14038e-16
3.12978e-17
3.20433e-17
3.22602e-17
3.3351e-17
3.13506e-17
3.41149e-17
3.02875e-17
3.32088e-17
3.36149e-17
3.33338e-17
2.95465e-17
3.15942e-17
3.48156e-17
3.5028e-17
3.17842e-17
3.21404e-17
3.38577e-17
2.55597e-17
2.89621e-17
2.83424e-17
2.78747e-17
2.66629e-17
2.67011e-17
2.80925e-17
2.82072e-17
2.66801e-17
2.65898e-17
2.70849e-17
2.86833e-17
2.90131e-17
2.64488e-17
2.48268e-17
2.86471e-17
2.88763e-17
3.86086e-17
3.96616e-17
3.70481e-17
3.84611e-17
3.8607e-17
3.89051e-17
3.85146e-17
3.82372e-17
3.86704e-17
3.90169e-17
4.853e-16
4.86921e-16
3.94272e-17
3.95054e-17
2.78977e-17
2.7613e-17
3.78901e-17
4.10114e-17
3.62369e-17
4.21015e-17
3.92528e-17
4.1308e-17
3.76585e-17
4.83308e-16
4.85079e-16
4.19822e-17
4.89429e-16
4.13078e-17
3.78309e-17
4.01998e-17
2.72669e-17
2.84906e-17
3.82084e-17
3.87748e-17
4.83804e-16
4.85642e-16
4.80279e-16
4.8597e-16
4.84384e-16
4.795e-16
3.98525e-17
3.91795e-17
3.82121e-17
3.6999e-17
3.97224e-17
4.8911e-16
2.85626e-17
2.87487e-17
4.87927e-16
4.81868e-16
4.85005e-16
4.70142e-16
4.8678e-16
4.82744e-16
4.89059e-16
4.73139e-16
4.86536e-16
4.83191e-16
4.88046e-16
4.70247e-16
4.858e-16
4.81273e-16
2.66524e-17
2.70082e-17
4.09611e-17
3.9884e-17
3.92023e-17
4.02777e-17
4.03821e-17
4.17498e-17
4.06229e-17
4.11073e-17
3.9599e-17
3.84647e-17
3.90909e-17
4.01945e-17
4.16996e-17
4.09813e-17
2.95389e-17
2.70189e-17
3.84461e-17
3.98642e-17
4.02432e-17
4.10775e-17
3.9844e-17
4.01307e-17
3.69716e-17
3.71756e-17
4.06108e-17
3.99322e-17
4.04818e-17
4.05357e-17
3.783e-17
3.75104e-17
2.78631e-17
2.85963e-17
3.91724e-17
3.89458e-17
3.72164e-17
3.87571e-17
3.78711e-17
3.75607e-17
3.81299e-17
3.69834e-17
3.91882e-17
3.94005e-17
3.87115e-17
3.76346e-17
3.68402e-17
3.7816e-17
2.87268e-17
2.44986e-17
3.79657e-17
3.8878e-17
3.93658e-17
3.65279e-17
3.95274e-17
3.99986e-17
3.81123e-17
3.66665e-17
3.89425e-17
3.95024e-17
3.7604e-17
3.63602e-17
4.07357e-17
3.68307e-17
2.83096e-17
2.9921e-17
4.08826e-17
3.93474e-17
3.99053e-17
3.92708e-17
4.04204e-17
3.66844e-17
4.03285e-17
4.02612e-17
3.89006e-17
3.75391e-17
3.88091e-17
3.96218e-17
3.9999e-17
3.90292e-17
2.93274e-17
2.97059e-17
3.81873e-17
3.96802e-17
3.87342e-17
4.18792e-17
3.83439e-17
3.97214e-17
3.90673e-17
3.88969e-17
4.00464e-17
4.07247e-17
4.08226e-17
4.15496e-17
3.94702e-17
3.96239e-17
2.76284e-17
2.98321e-17
3.77644e-17
4.8611e-16
4.83581e-16
4.8721e-16
4.8367e-16
4.87443e-16
4.86696e-16
4.81887e-16
4.87219e-16
4.8499e-16
4.87818e-16
4.87227e-16
4.84721e-16
4.87333e-16
2.91637e-17
3.09669e-17
4.87917e-16
4.81932e-16
4.84873e-16
4.70189e-16
4.86878e-16
4.82808e-16
4.88933e-16
4.7326e-16
4.86541e-16
4.17299e-17
4.16758e-17
4.70363e-16
4.85816e-16
3.76704e-17
2.85445e-17
2.50285e-17
3.86477e-17
3.80724e-17
3.88179e-17
3.68225e-17
4.17731e-17
4.86237e-16
4.8533e-16
3.89161e-17
3.88468e-17
3.74995e-17
3.79315e-17
3.88961e-17
3.77365e-17
3.92943e-17
2.70183e-17
3.05202e-17
3.82183e-17
4.02515e-17
3.99563e-17
3.68343e-17
3.94677e-17
3.84381e-17
3.74911e-17
3.59863e-17
3.85376e-17
3.89828e-17
4.14327e-17
3.66506e-17
3.77339e-17
3.87068e-17
2.72284e-17
2.80951e-17
2.90061e-17
3.13675e-17
2.88072e-17
3.05263e-17
2.96937e-17
2.8006e-17
2.95121e-17
2.98488e-17
2.94261e-17
2.89354e-17
2.73828e-17
2.94579e-17
2.90837e-17
2.84964e-17
2.95146e-17
3.01909e-17
2.61347e-17
2.80271e-17
2.80778e-17
3.0189e-17
2.70703e-17
2.89133e-17
2.82555e-17
3.14403e-17
2.83433e-17
2.9705e-17
2.94522e-17
3.02327e-17
2.66302e-17
2.52005e-17
2.85102e-17
2.90348e-17
3.03949e-17
2.84437e-17
2.90115e-17
2.85658e-17
2.83076e-17
2.84423e-17
2.95958e-17
2.84323e-17
3.12052e-17
2.83567e-17
1.22953e-15
1.22663e-15
3.15363e-17
2.83983e-17
2.80971e-17
2.71117e-17
2.66099e-17
2.92487e-17
3.00747e-17
2.95126e-17
3.22397e-17
2.89304e-17
2.61258e-17
1.23449e-15
1.22968e-15
2.82075e-17
1.22563e-15
2.83852e-17
3.13156e-17
2.8784e-17
2.90081e-17
2.91338e-17
2.65002e-17
3.33124e-17
1.23299e-15
1.23139e-15
1.23299e-15
1.22566e-15
1.22955e-15
1.23012e-15
2.85518e-17
3.09493e-17
3.15969e-17
3.34851e-17
2.85705e-17
1.22403e-15
2.82907e-17
2.93713e-17
1.22833e-15
1.23103e-15
1.23004e-15
1.22684e-15
1.23112e-15
1.22931e-15
1.22521e-15
1.23008e-15
1.23159e-15
1.23069e-15
1.22819e-15
1.22689e-15
1.23251e-15
1.22882e-15
3.17934e-17
2.88064e-17
2.96699e-17
3.00646e-17
2.86462e-17
2.97475e-17
2.8402e-17
3.07564e-17
2.80463e-17
2.90288e-17
3.02493e-17
3.11098e-17
2.78206e-17
3.08733e-17
3.09979e-17
3.07613e-17
2.95703e-17
2.95756e-17
2.913e-17
2.84218e-17
3.27158e-17
2.92725e-17
2.97388e-17
2.85405e-17
3.0318e-17
2.94536e-17
2.73373e-17
2.8941e-17
2.84455e-17
2.87044e-17
3.15864e-17
2.75912e-17
3.16761e-17
2.86308e-17
2.71522e-17
2.91425e-17
2.86864e-17
2.8868e-17
2.77462e-17
2.68291e-17
2.92445e-17
2.88454e-17
2.80654e-17
2.87342e-17
2.70177e-17
3.11572e-17
2.71826e-17
2.64803e-17
2.75814e-17
3.17707e-17
2.74567e-17
2.91937e-17
2.72637e-17
2.88178e-17
2.74579e-17
3.19562e-17
2.75347e-17
3.37205e-17
2.8533e-17
2.94797e-17
3.01873e-17
2.94775e-17
2.91056e-17
2.93681e-17
2.90569e-17
2.77792e-17
2.93336e-17
2.71152e-17
2.95096e-17
2.88869e-17
2.97242e-17
2.68972e-17
3.19059e-17
2.86415e-17
3.2096e-17
2.86138e-17
2.89343e-17
3.11427e-17
3.01611e-17
2.95568e-17
2.72775e-17
2.80278e-17
2.80502e-17
2.90144e-17
3.23737e-17
2.8172e-17
2.99634e-17
2.74742e-17
2.95793e-17
2.54943e-17
2.92104e-17
2.65922e-17
2.92844e-17
3.00973e-17
3.07853e-17
2.82011e-17
2.82169e-17
3.26635e-17
2.95907e-17
1.23209e-15
1.2331e-15
1.2284e-15
1.22901e-15
1.22774e-15
1.22766e-15
1.22561e-15
1.22909e-15
1.23043e-15
1.23286e-15
1.22842e-15
1.23474e-15
1.2258e-15
3.09381e-17
3.31785e-17
1.22832e-15
1.23105e-15
1.23006e-15
1.22681e-15
1.23105e-15
1.22932e-15
1.2252e-15
1.23002e-15
1.23161e-15
2.89811e-17
3.40017e-17
1.22681e-15
1.23252e-15
2.87724e-17
3.17342e-17
2.74336e-17
2.90831e-17
3.08235e-17
2.88122e-17
2.96193e-17
2.90342e-17
1.22887e-15
1.23006e-15
2.75455e-17
2.78801e-17
2.86111e-17
3.07637e-17
3.10026e-17
2.97038e-17
3.08775e-17
2.92678e-17
2.68562e-17
2.82467e-17
2.6363e-17
3.28237e-17
2.85614e-17
2.96374e-17
2.6095e-17
2.61864e-17
2.69292e-17
2.84078e-17
2.77035e-17
2.71264e-17
2.83103e-17
2.87682e-17
2.76387e-17
2.89988e-17
2.79714e-17
2.99084e-17
3.23228e-17
2.86562e-17
3.04441e-17
2.98834e-17
2.70423e-17
2.69573e-17
2.84022e-17
2.94735e-17
2.90474e-17
2.76384e-17
3.32107e-17
2.68299e-17
3.22526e-17
3.00524e-17
2.42055e-17
2.86596e-17
3.09069e-17
2.89387e-17
2.86378e-17
2.91435e-17
2.77722e-17
2.80964e-17
2.60804e-17
2.7546e-17
2.7837e-17
2.83583e-17
3.06005e-17
2.91043e-17
2.98375e-17
2.85571e-17
2.67993e-17
4.42473e-17
4.49506e-17
4.37838e-17
4.3735e-17
4.5696e-17
4.57406e-17
4.24729e-17
4.43349e-17
4.2918e-17
4.39619e-17
1.16213e-15
1.16344e-15
4.37943e-17
4.4445e-17
2.70573e-17
2.79277e-17
4.49904e-17
4.5211e-17
4.30508e-17
4.38436e-17
4.48336e-17
4.47632e-17
4.47878e-17
1.1625e-15
1.17325e-15
4.36711e-17
1.1671e-15
4.43379e-17
4.40585e-17
4.42505e-17
2.87287e-17
3.08705e-17
4.64619e-17
4.50106e-17
1.16359e-15
1.1646e-15
1.16273e-15
1.16788e-15
1.16316e-15
1.16253e-15
4.53017e-17
4.62593e-17
4.27255e-17
4.40293e-17
4.27991e-17
1.16357e-15
2.66148e-17
3.1214e-17
1.1624e-15
1.16128e-15
1.16329e-15
1.17236e-15
1.16435e-15
1.16141e-15
1.16113e-15
1.17927e-15
1.16528e-15
1.1631e-15
1.16279e-15
1.17243e-15
1.16514e-15
1.15874e-15
3.18993e-17
2.62882e-17
4.27865e-17
4.43401e-17
4.32485e-17
4.15189e-17
4.3375e-17
4.43645e-17
4.22086e-17
4.41168e-17
4.40966e-17
4.46247e-17
4.13972e-17
4.15008e-17
4.09737e-17
4.37601e-17
2.55642e-17
2.73053e-17
4.43227e-17
4.42106e-17
4.6081e-17
4.41996e-17
4.48856e-17
4.58033e-17
4.57422e-17
4.29017e-17
4.42714e-17
4.37741e-17
4.37056e-17
4.47882e-17
4.45216e-17
4.63985e-17
3.24554e-17
3.09337e-17
4.2723e-17
4.57749e-17
4.42617e-17
4.25014e-17
4.41886e-17
4.46173e-17
4.11647e-17
4.60616e-17
4.07363e-17
4.59377e-17
4.26627e-17
4.4672e-17
4.34658e-17
4.51121e-17
2.96458e-17
2.6903e-17
4.4971e-17
4.24607e-17
4.51519e-17
4.74291e-17
4.23059e-17
4.36761e-17
4.45436e-17
4.94136e-17
4.40352e-17
4.11999e-17
4.31318e-17
4.86803e-17
4.25097e-17
4.26261e-17
2.76416e-17
2.98047e-17
4.28341e-17
4.40793e-17
4.38089e-17
4.47e-17
4.41801e-17
4.5701e-17
4.19475e-17
4.42821e-17
4.18521e-17
4.25556e-17
4.34692e-17
4.3127e-17
4.22898e-17
4.37478e-17
2.85168e-17
2.75894e-17
4.34699e-17
4.45835e-17
4.32446e-17
4.55415e-17
4.21652e-17
4.47115e-17
4.45164e-17
4.16106e-17
4.41615e-17
4.46308e-17
4.27139e-17
4.4145e-17
4.41526e-17
4.39165e-17
2.8046e-17
3.00746e-17
4.40091e-17
1.16658e-15
1.1639e-15
1.16057e-15
1.16316e-15
1.16625e-15
1.16085e-15
1.16261e-15
1.16e-15
1.16884e-15
1.16121e-15
1.16056e-15
1.16414e-15
1.16386e-15
2.95225e-17
2.85608e-17
1.16241e-15
1.16128e-15
1.1633e-15
1.17246e-15
1.16433e-15
1.16147e-15
1.16113e-15
1.17927e-15
1.16538e-15
4.36376e-17
4.33796e-17
1.17247e-15
1.16513e-15
4.83856e-17
3.32134e-17
2.57165e-17
4.30451e-17
4.4152e-17
4.32525e-17
4.29385e-17
4.24863e-17
1.16745e-15
1.16127e-15
4.37303e-17
4.35323e-17
4.31621e-17
4.16976e-17
4.24026e-17
4.0591e-17
4.4262e-17
2.97375e-17
2.94544e-17
4.49915e-17
4.57074e-17
4.44505e-17
4.53634e-17
4.35658e-17
4.60359e-17
4.33429e-17
4.57118e-17
4.53171e-17
4.42253e-17
4.41147e-17
4.44603e-17
4.41144e-17
4.57139e-17
3.14441e-17
3.15819e-17
3.0952e-17
2.87705e-17
2.99769e-17
3.1109e-17
2.85441e-17
3.08622e-17
2.9174e-17
3.12327e-17
2.77067e-17
3.00683e-17
2.75937e-17
2.9871e-17
2.99196e-17
3.14848e-17
2.8337e-17
3.06061e-17
2.75648e-17
2.5203e-17
2.47535e-17
3.01306e-17
2.80171e-17
2.65989e-17
2.7863e-17
3.21046e-17
2.63768e-17
2.8339e-17
2.7759e-17
2.84494e-17
2.52937e-17
2.77754e-17
2.86516e-17
2.80574e-17
3.66759e-17
3.76397e-17
3.87654e-17
4.09555e-17
3.65025e-17
3.72846e-17
3.9076e-17
3.86185e-17
3.79754e-17
3.76545e-17
7.49599e-16
7.49967e-16
3.6318e-17
3.79507e-17
2.76902e-17
2.86918e-17
3.58352e-17
3.72717e-17
3.64044e-17
3.67507e-17
3.47776e-17
3.86827e-17
3.71196e-17
7.48586e-16
7.45578e-16
3.68214e-17
7.49528e-16
3.5502e-17
3.52835e-17
3.85503e-17
2.80346e-17
3.12023e-17
3.50914e-17
3.72671e-17
7.40163e-16
7.51417e-16
7.47555e-16
7.50443e-16
7.44735e-16
7.48645e-16
3.71255e-17
3.7822e-17
3.87391e-17
4.11174e-17
3.68669e-17
7.51216e-16
2.76748e-17
3.22993e-17
7.51648e-16
7.50683e-16
7.51279e-16
7.44489e-16
7.49393e-16
7.49769e-16
7.506e-16
7.45938e-16
7.51596e-16
7.48815e-16
7.51474e-16
7.44573e-16
7.50783e-16
7.46399e-16
3.24385e-17
2.75199e-17
3.60033e-17
3.77634e-17
3.84806e-17
3.92196e-17
3.74703e-17
3.71317e-17
3.69472e-17
3.97354e-17
3.68477e-17
3.89593e-17
4.04093e-17
3.76034e-17
3.77246e-17
3.72229e-17
2.757e-17
2.761e-17
3.60983e-17
3.61123e-17
3.93786e-17
3.7609e-17
3.65782e-17
3.7704e-17
3.71786e-17
3.95439e-17
3.64365e-17
3.69426e-17
3.84997e-17
3.74365e-17
3.78968e-17
3.92634e-17
2.9052e-17
2.75077e-17
3.64227e-17
3.83469e-17
3.59053e-17
3.9227e-17
3.43183e-17
3.81634e-17
3.70724e-17
4.15966e-17
3.72289e-17
3.7195e-17
3.78133e-17
3.99799e-17
3.44105e-17
3.86786e-17
2.5287e-17
3.21981e-17
3.81461e-17
3.76615e-17
3.85286e-17
4.0073e-17
4.04366e-17
3.78489e-17
4.03905e-17
4.03606e-17
3.84381e-17
3.93925e-17
4.28429e-17
4.00432e-17
3.96285e-17
3.79171e-17
2.96605e-17
2.42232e-17
3.56275e-17
3.63449e-17
3.66322e-17
4.04013e-17
3.56159e-17
3.66617e-17
3.63636e-17
3.91113e-17
3.64038e-17
3.62845e-17
3.80126e-17
3.87648e-17
3.55705e-17
3.86384e-17
2.88502e-17
2.77668e-17
3.8001e-17
3.61781e-17
3.67664e-17
3.6662e-17
3.72039e-17
3.73272e-17
3.81419e-17
4.05057e-17
3.69131e-17
3.68198e-17
3.53633e-17
3.6577e-17
3.6338e-17
3.80771e-17
2.73193e-17
3.0354e-17
3.57012e-17
7.46783e-16
7.42037e-16
7.51682e-16
7.4545e-16
7.51095e-16
7.46922e-16
7.48529e-16
7.48117e-16
7.46863e-16
7.42886e-16
7.51716e-16
7.47269e-16
7.50228e-16
2.72351e-17
3.14481e-17
7.51706e-16
7.50644e-16
7.51296e-16
7.44505e-16
7.49455e-16
7.49709e-16
7.50633e-16
7.45848e-16
7.51651e-16
3.93602e-17
4.3455e-17
7.44572e-16
7.50849e-16
3.94731e-17
3.17423e-17
2.95859e-17
3.55182e-17
3.6894e-17
3.84225e-17
3.9083e-17
3.76839e-17
7.48994e-16
7.46593e-16
3.95253e-17
3.5765e-17
3.60775e-17
3.93586e-17
3.936e-17
3.77667e-17
3.72769e-17
2.69249e-17
2.54135e-17
3.78493e-17
3.70659e-17
3.80317e-17
3.83749e-17
3.78038e-17
3.80913e-17
3.71073e-17
3.98176e-17
3.7161e-17
3.83793e-17
3.71198e-17
3.97266e-17
3.75719e-17
4.0451e-17
2.74211e-17
2.73259e-17
2.83379e-17
2.65844e-17
2.92856e-17
3.09701e-17
2.89926e-17
2.96658e-17
2.80252e-17
3.17956e-17
2.92428e-17
3.11072e-17
2.84347e-17
3.05933e-17
2.98391e-17
2.87277e-17
2.88473e-17
2.25264e-17
2.44118e-17
2.6071e-17
2.21885e-17
2.10927e-17
2.44989e-17
2.73166e-17
2.61785e-17
2.06023e-17
2.42901e-17
2.54407e-17
2.47144e-17
2.38199e-17
2.42972e-17
2.88477e-17
2.37506e-17
2.18921e-17
3.80541e-17
3.89757e-17
3.86843e-17
3.76225e-17
3.85071e-17
4.14083e-17
3.90761e-17
3.854e-17
3.9304e-17
3.94554e-17
4.35261e-17
4.22603e-17
3.97557e-17
3.79046e-17
2.70543e-17
2.49977e-17
4.01223e-17
3.66583e-17
3.93914e-17
3.95981e-17
3.88917e-17
3.91105e-17
3.89164e-17
4.35764e-17
4.22095e-17
3.89363e-17
4.68447e-17
3.80834e-17
3.93048e-17
3.74082e-17
2.62413e-17
2.76e-17
3.88831e-17
4.16736e-17
4.61175e-17
4.50257e-17
4.44205e-17
4.63147e-17
4.25523e-17
4.15508e-17
4.06672e-17
4.09713e-17
3.88276e-17
4.06551e-17
3.99108e-17
4.36306e-17
2.78981e-17
2.54468e-17
4.42252e-17
4.35433e-17
4.5905e-17
4.62442e-17
4.31859e-17
4.48758e-17
4.49127e-17
4.90815e-17
4.352e-17
4.48779e-17
5.04671e-17
4.48436e-17
4.50534e-17
4.68558e-17
3.03835e-17
2.60735e-17
3.67847e-17
3.77798e-17
3.85092e-17
3.88671e-17
3.70997e-17
3.90589e-17
3.88987e-17
3.78485e-17
3.77731e-17
3.824e-17
3.90503e-17
3.79894e-17
3.80839e-17
3.79178e-17
2.72094e-17
2.6744e-17
3.90485e-17
3.89094e-17
3.86406e-17
3.99849e-17
3.93746e-17
4.0994e-17
3.89997e-17
3.80569e-17
3.90135e-17
3.96688e-17
3.94822e-17
3.86486e-17
3.91403e-17
3.79537e-17
2.73583e-17
2.47717e-17
4.02811e-17
3.79818e-17
3.88946e-17
3.95563e-17
3.84679e-17
3.82862e-17
4.27747e-17
3.88047e-17
3.8899e-17
3.88926e-17
3.90548e-17
3.96782e-17
4.00296e-17
3.67976e-17
2.66709e-17
2.10015e-17
3.82619e-17
3.83781e-17
3.7397e-17
3.89495e-17
3.73449e-17
3.78473e-17
3.75979e-17
3.77642e-17
3.88697e-17
3.86544e-17
3.79511e-17
4.05754e-17
3.72705e-17
3.89806e-17
2.40258e-17
2.33987e-17
3.98564e-17
3.96731e-17
3.89183e-17
3.77906e-17
3.84848e-17
4.07121e-17
3.94147e-17
3.72332e-17
3.949e-17
3.97923e-17
3.88276e-17
4.19252e-17
3.90057e-17
3.92341e-17
2.50104e-17
2.502e-17
4.03217e-17
3.682e-17
4.04848e-17
3.83137e-17
3.91852e-17
3.79731e-17
3.88253e-17
3.82754e-17
3.96974e-17
3.98401e-17
4.05796e-17
3.81204e-17
3.85286e-17
3.69087e-17
2.45885e-17
2.82983e-17
3.79738e-17
4.81055e-17
4.85901e-17
4.8677e-17
4.48445e-17
4.91285e-17
4.42788e-17
4.69811e-17
4.40798e-17
4.77258e-17
5.00067e-17
4.85949e-17
4.68864e-17
4.71168e-17
2.76259e-17
2.62431e-17
4.4241e-17
4.31469e-17
4.51691e-17
4.6073e-17
4.43047e-17
4.36024e-17
4.54331e-17
4.93722e-17
4.25256e-17
4.11167e-17
4.2378e-17
4.73934e-17
4.50961e-17
3.91019e-17
3.01628e-17
2.31891e-17
3.9578e-17
3.92355e-17
3.96112e-17
3.89789e-17
3.76039e-17
4.32709e-17
4.20146e-17
3.71706e-17
3.92958e-17
4.02395e-17
3.9469e-17
3.93169e-17
4.00351e-17
3.81144e-17
2.50309e-17
2.81184e-17
3.88264e-17
3.64669e-17
3.70378e-17
3.83978e-17
3.91206e-17
3.69696e-17
4.00962e-17
3.86251e-17
3.85872e-17
3.80658e-17
3.97003e-17
3.85794e-17
4.07148e-17
3.79792e-17
2.44908e-17
2.58399e-17
2.70566e-17
2.60185e-17
2.56229e-17
2.57516e-17
2.48281e-17
2.51138e-17
2.38561e-17
2.96317e-17
2.92167e-17
2.7353e-17
2.57347e-17
2.4807e-17
2.62252e-17
2.39321e-17
2.53052e-17
2.25541e-17
2.43713e-17
2.44528e-17
2.49657e-17
2.53392e-17
2.39011e-17
2.39684e-17
2.50542e-17
2.51082e-17
2.49993e-17
2.38498e-17
2.50635e-17
2.61641e-17
2.49332e-17
2.39104e-17
2.56093e-17
2.45474e-17
7.6647e-17
7.6676e-17
7.3485e-17
7.67193e-17
7.49217e-17
7.66856e-17
7.52712e-17
7.61814e-17
7.64629e-17
7.71854e-17
1.20283e-16
1.25083e-16
7.36423e-17
7.66577e-17
2.56632e-17
2.40695e-17
7.65348e-17
7.24779e-17
7.5722e-17
7.41461e-17
7.52285e-17
7.23492e-17
7.61651e-17
1.20035e-16
1.26406e-16
7.34078e-17
1.23743e-16
7.47899e-17
7.50915e-17
7.36821e-17
2.39993e-17
2.40421e-17
7.3643e-17
7.44414e-17
1.21598e-16
1.21405e-16
1.23335e-16
1.26247e-16
1.19307e-16
1.23895e-16
7.31694e-17
7.36811e-17
7.50543e-17
7.36174e-17
7.49429e-17
1.25114e-16
2.49805e-17
2.55637e-17
1.25609e-16
1.1825e-16
1.21342e-16
1.14318e-16
1.25702e-16
1.18197e-16
1.23773e-16
1.1247e-16
1.24967e-16
1.18562e-16
1.19787e-16
1.14391e-16
1.23352e-16
1.14715e-16
2.63568e-17
2.42785e-17
7.41359e-17
7.58579e-17
7.43643e-17
7.48646e-17
7.40364e-17
7.53651e-17
7.50721e-17
7.56286e-17
7.4024e-17
7.66934e-17
7.41301e-17
7.52297e-17
7.45151e-17
7.52252e-17
2.7065e-17
2.46947e-17
7.75398e-17
7.35613e-17
7.35524e-17
7.61575e-17
7.81499e-17
7.37564e-17
7.61952e-17
7.36217e-17
7.69554e-17
7.36471e-17
7.34467e-17
7.59776e-17
7.63928e-17
7.58551e-17
2.59787e-17
2.45343e-17
7.60562e-17
7.62224e-17
7.41854e-17
7.67811e-17
7.38083e-17
7.79079e-17
7.52356e-17
7.58825e-17
7.47266e-17
7.6128e-17
7.56825e-17
7.63961e-17
7.42627e-17
7.77616e-17
2.3927e-17
2.32801e-17
7.67826e-17
7.37066e-17
7.42888e-17
7.2919e-17
7.62809e-17
7.38507e-17
7.64686e-17
7.07881e-17
7.62446e-17
7.47813e-17
7.47601e-17
7.26719e-17
7.60554e-17
7.2938e-17
2.58461e-17
2.34074e-17
7.53716e-17
7.69225e-17
7.42523e-17
7.63205e-17
7.36823e-17
7.61903e-17
7.56214e-17
7.64718e-17
7.54927e-17
7.87206e-17
7.59006e-17
7.63682e-17
7.31082e-17
7.70987e-17
2.47328e-17
2.38788e-17
7.63836e-17
7.41517e-17
7.54457e-17
7.4943e-17
7.4619e-17
7.35339e-17
7.73749e-17
7.46961e-17
7.6491e-17
7.37606e-17
7.49162e-17
7.49981e-17
7.46552e-17
7.52061e-17
2.36022e-17
2.32691e-17
7.61985e-17
1.19851e-16
1.22305e-16
1.19937e-16
1.25702e-16
1.22682e-16
1.21271e-16
1.2466e-16
1.23544e-16
1.20251e-16
1.22695e-16
1.20174e-16
1.24497e-16
1.23655e-16
2.4582e-17
2.68824e-17
1.25916e-16
1.18147e-16
1.21463e-16
1.14394e-16
1.25721e-16
1.18113e-16
1.23498e-16
1.12627e-16
1.24908e-16
7.59644e-17
7.35136e-17
1.14502e-16
1.22922e-16
7.54026e-17
2.48698e-17
2.38101e-17
7.26483e-17
7.55675e-17
7.40054e-17
7.40372e-17
7.39203e-17
1.22488e-16
1.20864e-16
7.56569e-17
7.29011e-17
7.58072e-17
7.32925e-17
7.42054e-17
7.44369e-17
7.51194e-17
2.67454e-17
2.48029e-17
7.75636e-17
7.34326e-17
7.40606e-17
7.54247e-17
7.81422e-17
7.39218e-17
7.55288e-17
7.35919e-17
7.76186e-17
7.38272e-17
7.26046e-17
7.53769e-17
7.66691e-17
7.64237e-17
2.63256e-17
2.18049e-17
2.6595e-17
2.55007e-17
2.36594e-17
2.35112e-17
2.53629e-17
2.46135e-17
2.45538e-17
2.66215e-17
2.62231e-17
2.40482e-17
2.65466e-17
2.44639e-17
2.41896e-17
2.57937e-17
2.57714e-17
2.06641e-17
2.3205e-17
2.3603e-17
2.14947e-17
2.30524e-17
2.51235e-17
2.17331e-17
2.21536e-17
2.06314e-17
2.23908e-17
2.42861e-17
2.30765e-17
2.09041e-17
2.42026e-17
2.24421e-17
2.22807e-17
2.12407e-17
3.22753e-17
3.2803e-17
3.24497e-17
3.1538e-17
3.25653e-17
3.30574e-17
3.23329e-17
3.22702e-17
3.01118e-17
3.13912e-17
1.43706e-16
1.467e-16
3.10778e-17
3.15956e-17
2.06854e-17
2.10436e-17
3.19027e-17
3.24384e-17
3.32864e-17
3.35817e-17
3.18364e-17
3.43151e-17
3.36884e-17
1.53878e-16
1.47964e-16
3.43285e-17
1.45651e-16
3.3306e-17
3.23613e-17
3.20886e-17
2.2417e-17
2.09394e-17
3.09366e-17
3.216e-17
1.47955e-16
1.47756e-16
1.50846e-16
1.4715e-16
1.46803e-16
1.44384e-16
3.19168e-17
3.20592e-17
3.09671e-17
3.27674e-17
3.13833e-17
1.47407e-16
1.95011e-17
2.09126e-17
1.47228e-16
1.57922e-16
1.48262e-16
1.46602e-16
1.49444e-16
1.53023e-16
1.45743e-16
1.45125e-16
1.45964e-16
1.56412e-16
1.44388e-16
1.46498e-16
1.47437e-16
1.47477e-16
2.51698e-17
2.25532e-17
3.20894e-17
3.07048e-17
3.18384e-17
3.368e-17
3.15189e-17
3.05789e-17
3.16985e-17
3.32641e-17
3.0889e-17
3.1931e-17
3.06788e-17
3.37502e-17
3.34877e-17
3.19366e-17
2.01086e-17
1.97901e-17
3.12497e-17
3.111e-17
3.08269e-17
3.11373e-17
3.2486e-17
3.29895e-17
3.12747e-17
3.13338e-17
3.1591e-17
3.41044e-17
3.11786e-17
3.22676e-17
3.2875e-17
3.37312e-17
2.37719e-17
2.28939e-17
3.16604e-17
2.98739e-17
3.07351e-17
3.23722e-17
2.966e-17
3.14328e-17
3.22258e-17
3.27866e-17
3.15411e-17
3.16387e-17
3.03039e-17
3.30764e-17
3.17871e-17
3.25161e-17
2.11278e-17
2.05087e-17
3.23814e-17
3.33587e-17
3.24063e-17
3.14773e-17
3.36083e-17
3.06811e-17
3.50266e-17
3.11378e-17
3.27371e-17
3.34393e-17
3.12695e-17
3.10895e-17
3.18537e-17
3.27759e-17
2.34206e-17
2.21735e-17
3.24157e-17
3.19377e-17
3.09848e-17
3.3221e-17
3.14846e-17
3.46428e-17
3.14957e-17
3.26927e-17
3.23011e-17
3.21772e-17
3.09237e-17
3.39714e-17
3.23532e-17
3.3214e-17
2.10433e-17
2.05892e-17
3.23496e-17
3.21819e-17
3.15025e-17
3.17732e-17
3.1385e-17
3.42337e-17
3.10575e-17
3.11963e-17
3.1087e-17
3.27495e-17
3.25436e-17
3.18068e-17
3.27836e-17
3.32246e-17
2.15243e-17
2.25557e-17
3.09093e-17
1.48623e-16
1.4863e-16
1.45174e-16
1.50158e-16
1.47065e-16
1.42954e-16
1.43871e-16
1.44196e-16
1.48599e-16
1.47252e-16
1.44715e-16
1.49586e-16
1.43981e-16
2.30281e-17
2.18083e-17
1.47301e-16
1.57737e-16
1.48091e-16
1.46707e-16
1.49263e-16
1.52666e-16
1.45566e-16
1.45253e-16
1.45876e-16
3.28095e-17
3.3332e-17
1.46725e-16
1.47491e-16
3.25789e-17
2.49358e-17
2.30724e-17
3.09278e-17
3.40047e-17
3.1133e-17
3.39648e-17
3.28679e-17
1.47564e-16
1.4865e-16
3.34076e-17
3.24562e-17
3.38955e-17
3.07915e-17
3.24645e-17
3.12963e-17
3.26709e-17
2.0786e-17
1.88123e-17
3.23973e-17
3.30031e-17
3.18531e-17
3.27154e-17
3.14641e-17
3.43013e-17
3.17582e-17
3.14505e-17
3.13181e-17
3.30367e-17
3.17987e-17
3.25799e-17
3.35574e-17
3.28618e-17
2.4111e-17
2.15562e-17
2.1868e-17
2.30646e-17
2.04843e-17
2.21574e-17
2.15265e-17
2.23241e-17
2.28282e-17
2.14777e-17
2.24401e-17
2.3235e-17
2.08516e-17
2.14582e-17
2.23918e-17
2.38583e-17
2.21825e-17
2.74818e-17
2.75701e-17
2.96214e-17
2.92322e-17
3.18446e-17
2.83372e-17
3.14229e-17
2.89377e-17
2.87367e-17
3.16601e-17
3.08141e-17
2.7945e-17
3.40413e-17
2.92067e-17
3.30962e-17
3.14531e-17
2.89025e-17
1.46838e-16
1.44765e-16
1.4211e-16
1.46454e-16
1.43864e-16
1.44368e-16
1.43855e-16
1.47198e-16
1.46566e-16
1.4438e-16
6.08952e-16
6.09068e-16
1.42975e-16
1.44026e-16
3.19224e-17
2.96359e-17
1.45177e-16
1.46836e-16
1.44919e-16
1.46846e-16
1.44679e-16
1.47184e-16
1.43049e-16
6.13724e-16
6.13468e-16
1.47432e-16
6.11362e-16
1.4634e-16
1.45113e-16
1.46637e-16
3.05286e-17
2.87657e-17
1.44062e-16
1.45154e-16
6.04557e-16
6.13125e-16
6.02358e-16
6.09736e-16
6.03678e-16
6.08866e-16
1.43407e-16
1.4433e-16
1.43912e-16
1.46117e-16
1.45984e-16
6.10934e-16
3.00326e-17
3.2095e-17
6.10237e-16
6.1654e-16
6.11698e-16
6.1461e-16
6.10474e-16
6.14431e-16
6.05932e-16
6.14024e-16
6.10512e-16
6.168e-16
6.09604e-16
6.14452e-16
6.11224e-16
6.13172e-16
3.38641e-17
2.68774e-17
1.44556e-16
1.44028e-16
1.42883e-16
1.44634e-16
1.42419e-16
1.44093e-16
1.42464e-16
1.43485e-16
1.43933e-16
1.43765e-16
1.42966e-16
1.4459e-16
1.44106e-16
1.43734e-16
3.05746e-17
2.85011e-17
1.44615e-16
1.45805e-16
1.43594e-16
1.44811e-16
1.43727e-16
1.4557e-16
1.42435e-16
1.45904e-16
1.44147e-16
1.45972e-16
1.43355e-16
1.44572e-16
1.45026e-16
1.45949e-16
3.17048e-17
2.88668e-17
1.45252e-16
1.4288e-16
1.42795e-16
1.44479e-16
1.42921e-16
1.43387e-16
1.44055e-16
1.4605e-16
1.44576e-16
1.43342e-16
1.42507e-16
1.44641e-16
1.42993e-16
1.42637e-16
3.041e-17
2.8954e-17
1.46312e-16
1.46538e-16
1.44899e-16
1.47372e-16
1.43522e-16
1.45635e-16
1.44152e-16
1.48872e-16
1.4599e-16
1.46557e-16
1.44065e-16
1.48079e-16
1.43561e-16
1.45734e-16
3.18482e-17
3.04307e-17
1.45984e-16
1.43936e-16
1.4277e-16
1.45937e-16
1.41959e-16
1.44183e-16
1.4364e-16
1.46833e-16
1.45361e-16
1.44404e-16
1.43412e-16
1.45229e-16
1.43064e-16
1.44643e-16
2.92494e-17
2.93742e-17
1.45121e-16
1.47457e-16
1.45255e-16
1.45763e-16
1.45186e-16
1.4711e-16
1.42616e-16
1.46661e-16
1.44778e-16
1.47944e-16
1.44473e-16
1.46092e-16
1.45009e-16
1.47326e-16
2.98233e-17
2.97612e-17
1.44204e-16
6.10051e-16
6.09032e-16
6.10882e-16
6.04285e-16
6.08444e-16
6.10371e-16
6.07151e-16
6.081e-16
6.09546e-16
6.04983e-16
6.10853e-16
6.04796e-16
6.10368e-16
3.21629e-17
3.01219e-17
6.10313e-16
6.16561e-16
6.11579e-16
6.14586e-16
6.10584e-16
6.14475e-16
6.05881e-16
6.13866e-16
6.105e-16
1.46228e-16
1.4481e-16
6.14428e-16
6.11295e-16
1.45157e-16
3.39708e-17
3.03535e-17
1.4441e-16
1.44666e-16
1.43628e-16
1.44297e-16
1.43998e-16
6.10316e-16
6.07157e-16
1.44202e-16
1.44532e-16
1.44397e-16
1.43056e-16
1.4481e-16
1.4178e-16
1.4447e-16
3.06369e-17
2.915e-17
1.44835e-16
1.45382e-16
1.43352e-16
1.44861e-16
1.44099e-16
1.46751e-16
1.42052e-16
1.46165e-16
1.43813e-16
1.45829e-16
1.4304e-16
1.44634e-16
1.44967e-16
1.46139e-16
2.91982e-17
3.06093e-17
3.51807e-17
2.91501e-17
3.03396e-17
3.45942e-17
3.08895e-17
3.23302e-17
3.15173e-17
3.42708e-17
3.31356e-17
3.10851e-17
3.2165e-17
3.39411e-17
2.89438e-17
3.08951e-17
3.46077e-17
2.40306e-17
2.51421e-17
2.46029e-17
2.55456e-17
2.68688e-17
2.42589e-17
2.53265e-17
2.78888e-17
2.114e-17
2.74805e-17
2.48092e-17
2.64879e-17
2.50693e-17
2.45597e-17
2.57092e-17
2.56261e-17
2.86559e-17
3.24318e-17
2.77289e-17
2.64208e-17
2.52519e-17
2.79014e-17
2.85681e-17
2.59651e-17
2.9018e-17
2.94736e-17
2.62404e-17
2.52632e-16
2.52822e-16
2.49707e-17
2.80585e-17
2.47308e-17
2.40765e-17
2.48351e-17
2.26446e-17
2.65393e-17
2.60388e-17
2.67943e-17
2.36831e-17
2.42958e-17
2.54509e-16
2.5574e-16
2.45304e-17
2.51344e-16
2.62367e-17
2.66977e-17
2.40056e-17
2.41181e-17
2.96211e-17
2.61542e-17
2.39317e-17
2.56343e-16
2.54678e-16
2.5409e-16
2.54689e-16
2.56971e-16
2.50676e-16
2.86768e-17
2.5357e-17
2.69863e-17
2.95518e-17
2.65108e-17
2.54678e-16
2.65004e-17
2.76683e-17
2.52659e-16
2.55433e-16
2.54198e-16
2.61385e-16
2.55705e-16
2.56896e-16
2.51057e-16
2.5908e-16
2.52497e-16
2.56e-16
2.51355e-16
2.61741e-16
2.551e-16
2.56596e-16
2.55057e-17
2.61279e-17
2.90513e-17
2.91589e-17
2.58095e-17
2.82035e-17
2.76207e-17
2.694e-17
2.60998e-17
2.46476e-17
2.74832e-17
2.77667e-17
2.58151e-17
2.75616e-17
2.64775e-17
2.55256e-17
2.84644e-17
2.62182e-17
2.55829e-17
2.87124e-17
2.60077e-17
2.68851e-17
2.76602e-17
2.51072e-17
2.69293e-17
2.25311e-17
2.78079e-17
2.43611e-17
2.36271e-17
2.6918e-17
2.58697e-17
2.64179e-17
2.87466e-17
2.69288e-17
2.78485e-17
2.74831e-17
2.92578e-17
2.65071e-17
2.53079e-17
2.86104e-17
2.6013e-17
2.89856e-17
2.6661e-17
2.59846e-17
2.86491e-17
2.53553e-17
2.59113e-17
2.87924e-17
2.81619e-17
2.19828e-17
2.79232e-17
2.47026e-17
2.57545e-17
2.84825e-17
2.69357e-17
2.20932e-17
2.4137e-17
2.24785e-17
2.75062e-17
2.36353e-17
2.47712e-17
2.86578e-17
2.57173e-17
2.67999e-17
2.45901e-17
2.66547e-17
2.91319e-17
2.90311e-17
2.792e-17
2.80584e-17
2.84118e-17
3.15213e-17
2.46564e-17
2.78035e-17
2.61772e-17
2.80391e-17
2.72635e-17
2.48516e-17
2.73481e-17
2.77251e-17
2.68445e-17
2.45722e-17
2.84035e-17
2.38348e-17
2.68434e-17
2.55364e-17
2.68532e-17
2.81012e-17
2.53925e-17
2.68229e-17
2.94012e-17
2.49028e-17
2.40165e-17
2.31109e-17
2.87834e-17
2.94452e-17
2.58783e-17
2.51512e-17
2.74227e-17
2.57014e-16
2.55498e-16
2.52712e-16
2.57148e-16
2.53109e-16
2.57168e-16
2.461e-16
2.57064e-16
2.5426e-16
2.58913e-16
2.52764e-16
2.54541e-16
2.57189e-16
2.84285e-17
2.56813e-17
2.52359e-16
2.55286e-16
2.54094e-16
2.6148e-16
2.55614e-16
2.56958e-16
2.51083e-16
2.59057e-16
2.52658e-16
2.75379e-17
3.04444e-17
2.61632e-16
2.55151e-16
3.18223e-17
2.7458e-17
2.66837e-17
2.63947e-17
2.93937e-17
2.62561e-17
2.81243e-17
2.51147e-17
2.54314e-16
2.59701e-16
2.72506e-17
2.60932e-17
2.88598e-17
2.61236e-17
2.91593e-17
2.57298e-17
2.86018e-17
2.65211e-17
2.34509e-17
2.56228e-17
2.57199e-17
2.94443e-17
2.77091e-17
2.59123e-17
2.64055e-17
2.70876e-17
2.57911e-17
2.63352e-17
2.6125e-17
2.56702e-17
2.84327e-17
2.87025e-17
2.71219e-17
2.5782e-17
2.70177e-17
2.59938e-17
2.94341e-17
2.70245e-17
2.68893e-17
2.63101e-17
2.83619e-17
2.98658e-17
2.75173e-17
2.78866e-17
2.72318e-17
2.94375e-17
2.65905e-17
2.49833e-17
2.81996e-17
2.92321e-17
1.72221e-17
1.39229e-17
1.42648e-17
1.67312e-17
1.51684e-17
1.58378e-17
1.45275e-17
1.65322e-17
1.52467e-17
1.55097e-17
1.51711e-17
1.61896e-17
1.50537e-17
1.59223e-17
1.45929e-17
1.53118e-17
1.39389e-17
1.53047e-17
1.46736e-17
1.57516e-17
1.59948e-17
1.78744e-17
1.59755e-17
1.48581e-17
1.47281e-17
1.45315e-17
1.54744e-17
1.16809e-16
1.17639e-16
1.59001e-17
1.51214e-17
1.40621e-17
1.56169e-17
1.52474e-17
1.38978e-17
1.60697e-17
1.52993e-17
1.6085e-17
1.43179e-17
1.33003e-17
1.20946e-16
1.14457e-16
1.36606e-17
1.17873e-16
1.35102e-17
1.48078e-17
1.35705e-17
1.41022e-17
1.58605e-17
1.59828e-17
1.52557e-17
1.12677e-16
1.12342e-16
1.14481e-16
1.15314e-16
1.14958e-16
1.13873e-16
1.58842e-17
1.36808e-17
1.59883e-17
1.67433e-17
1.7771e-17
1.16231e-16
1.51198e-17
1.56126e-17
1.18803e-16
1.19086e-16
1.13544e-16
1.08926e-16
1.17186e-16
1.17982e-16
1.16859e-16
1.02826e-16
1.16427e-16
1.19559e-16
1.17034e-16
1.08915e-16
1.15973e-16
1.17467e-16
1.85204e-17
1.44309e-17
1.49039e-17
1.50384e-17
1.63121e-17
1.58267e-17
1.4324e-17
1.45647e-17
1.4147e-17
1.64579e-17
1.5691e-17
1.39645e-17
1.74542e-17
1.5038e-17
1.59188e-17
1.47487e-17
1.73222e-17
1.35796e-17
1.45107e-17
1.60691e-17
1.48909e-17
1.47072e-17
1.49186e-17
1.30888e-17
1.45937e-17
1.43814e-17
1.34386e-17
1.3996e-17
1.39425e-17
1.64961e-17
1.70531e-17
1.52995e-17
1.35298e-17
1.62757e-17
1.56036e-17
1.39429e-17
1.28197e-17
1.54343e-17
1.35876e-17
1.29825e-17
1.4856e-17
1.58903e-17
1.48507e-17
1.45712e-17
1.48066e-17
1.58309e-17
1.49461e-17
1.40969e-17
1.42737e-17
1.67271e-17
1.50026e-17
1.67768e-17
1.40645e-17
1.28387e-17
1.54977e-17
1.28815e-17
1.65233e-17
1.46517e-17
1.38402e-17
1.48444e-17
1.43551e-17
1.41478e-17
1.6442e-17
1.46955e-17
1.41834e-17
1.62744e-17
1.58144e-17
1.56535e-17
1.7776e-17
1.67927e-17
1.48947e-17
1.46416e-17
1.49619e-17
1.50886e-17
1.51636e-17
1.51008e-17
1.44191e-17
1.90052e-17
1.39507e-17
1.42202e-17
1.55624e-17
1.48044e-17
1.49707e-17
1.37631e-17
1.39302e-17
1.51369e-17
1.53707e-17
1.44833e-17
1.57809e-17
1.524e-17
1.42113e-17
1.50246e-17
1.33747e-17
1.57591e-17
1.60398e-17
1.40742e-17
1.3169e-17
1.69711e-17
1.49532e-17
1.15698e-16
1.14074e-16
1.15784e-16
1.17925e-16
1.16496e-16
1.1663e-16
1.19533e-16
1.1456e-16
1.15082e-16
1.19285e-16
1.15828e-16
1.17223e-16
1.18887e-16
1.55033e-17
1.53123e-17
1.18521e-16
1.19072e-16
1.12905e-16
1.08885e-16
1.1671e-16
1.1763e-16
1.16566e-16
1.0279e-16
1.16294e-16
1.58719e-17
1.65119e-17
1.08705e-16
1.1561e-16
1.74727e-17
1.87236e-17
1.55395e-17
1.52211e-17
1.63393e-17
1.5591e-17
1.74027e-17
1.55111e-17
1.17902e-16
1.16512e-16
1.53458e-17
1.67868e-17
1.49747e-17
1.54189e-17
1.60916e-17
1.50403e-17
1.58608e-17
1.5431e-17
1.45168e-17
1.48461e-17
1.49593e-17
1.57048e-17
1.54909e-17
1.52383e-17
1.31814e-17
1.37177e-17
1.44259e-17
1.3332e-17
1.48207e-17
1.5196e-17
1.66028e-17
1.53567e-17
1.57995e-17
1.37033e-17
1.42463e-17
1.34189e-17
1.39626e-17
1.52632e-17
1.5145e-17
1.43272e-17
1.3596e-17
1.54111e-17
1.58328e-17
1.54912e-17
1.36671e-17
1.5238e-17
1.52266e-17
1.64369e-17
1.30898e-17
1.58251e-17
9.11436e-18
1.02851e-17
8.00712e-18
9.6364e-18
8.89223e-18
9.49209e-18
8.77787e-18
9.56244e-18
8.98208e-18
8.92322e-18
8.69178e-18
9.08662e-18
8.67769e-18
9.47573e-18
7.30602e-18
1.08234e-17
9.32425e-18
9.54656e-18
9.80186e-18
1.03021e-17
1.07328e-17
9.76866e-18
9.12805e-18
9.85796e-18
1.00056e-17
1.00886e-17
1.00479e-17
6.18123e-17
6.36727e-17
1.018e-17
1.06273e-17
1.13591e-17
9.13064e-18
9.11493e-18
8.86511e-18
9.36472e-18
9.6947e-18
8.5297e-18
8.80148e-18
9.31315e-18
6.32316e-17
6.15109e-17
9.05157e-18
6.3689e-17
8.79866e-18
8.41908e-18
8.17981e-18
1.06146e-17
9.78507e-18
9.75806e-18
9.17827e-18
6.1611e-17
6.43074e-17
6.06244e-17
6.21764e-17
6.21017e-17
6.27526e-17
8.68437e-18
9.50572e-18
9.14321e-18
9.85991e-18
8.86456e-18
6.29222e-17
9.35088e-18
9.63506e-18
6.51267e-17
6.35178e-17
6.39191e-17
6.22932e-17
6.57481e-17
6.37164e-17
6.41466e-17
6.37412e-17
6.40683e-17
6.34127e-17
6.35913e-17
6.22875e-17
6.32607e-17
6.20839e-17
8.04378e-18
8.75727e-18
1.0042e-17
9.09155e-18
9.93814e-18
9.68614e-18
9.29117e-18
1.03951e-17
9.60478e-18
1.12481e-17
1.02348e-17
9.78757e-18
9.46077e-18
9.84725e-18
9.80896e-18
9.30614e-18
9.76406e-18
7.95634e-18
9.9788e-18
8.13762e-18
9.32434e-18
9.61211e-18
1.11835e-17
7.7881e-18
1.11757e-17
8.37436e-18
9.43617e-18
9.26606e-18
1.04819e-17
9.24762e-18
9.59243e-18
8.41605e-18
1.08291e-17
9.5767e-18
9.88289e-18
1.03333e-17
9.01601e-18
9.24703e-18
8.94571e-18
9.21929e-18
9.00887e-18
9.60323e-18
8.27831e-18
1.05277e-17
1.01891e-17
9.96232e-18
8.73493e-18
9.06389e-18
8.63861e-18
9.63307e-18
1.00564e-17
8.69134e-18
1.00024e-17
8.71337e-18
9.57095e-18
9.05645e-18
9.04973e-18
9.32314e-18
8.23738e-18
8.20481e-18
1.03706e-17
8.80419e-18
9.73411e-18
8.63804e-18
1.02256e-17
8.60364e-18
9.3716e-18
9.99164e-18
9.78276e-18
9.16806e-18
9.01925e-18
9.20389e-18
9.90818e-18
8.19303e-18
9.81315e-18
9.22223e-18
9.78502e-18
9.60942e-18
8.61084e-18
9.48913e-18
1.11249e-17
9.19046e-18
9.44857e-18
7.78717e-18
8.61764e-18
8.6155e-18
9.27527e-18
9.54671e-18
9.43159e-18
8.7009e-18
9.70766e-18
9.89439e-18
1.09505e-17
8.40096e-18
9.24715e-18
9.25608e-18
9.92467e-18
1.00324e-17
9.27411e-18
6.45673e-17
6.20315e-17
6.37703e-17
6.11454e-17
6.40103e-17
6.1872e-17
6.31631e-17
6.18744e-17
6.50024e-17
6.22488e-17
6.35469e-17
6.15998e-17
6.34283e-17
1.07029e-17
9.46752e-18
6.49505e-17
6.34649e-17
6.37752e-17
6.23718e-17
6.57983e-17
6.35971e-17
6.40325e-17
6.36075e-17
6.39464e-17
7.92574e-18
9.67723e-18
6.2235e-17
6.32832e-17
8.69069e-18
9.58101e-18
9.57172e-18
9.63881e-18
8.78825e-18
9.48659e-18
1.0198e-17
9.81921e-18
6.33602e-17
6.25323e-17
8.44484e-18
9.62344e-18
8.85139e-18
8.39299e-18
9.83241e-18
9.94627e-18
1.02448e-17
9.38366e-18
7.98806e-18
1.03858e-17
9.15783e-18
8.28445e-18
8.08583e-18
1.00917e-17
9.35246e-18
9.58234e-18
9.07492e-18
8.79731e-18
9.48512e-18
9.72343e-18
8.07515e-18
9.33901e-18
9.248e-18
1.03787e-17
9.77735e-18
9.36452e-18
1.08136e-17
9.25999e-18
1.02247e-17
1.00187e-17
1.02162e-17
1.0879e-17
1.01587e-17
9.25479e-18
8.8887e-18
9.19868e-18
8.83725e-18
1.05042e-17
1.01669e-17
9.4555e-18
3.98107e-18
5.15713e-18
5.15386e-18
5.53852e-18
4.83333e-18
5.27847e-18
4.69904e-18
5.16491e-18
4.12496e-18
5.13833e-18
4.75643e-18
5.07477e-18
4.74951e-18
4.99145e-18
5.19553e-18
4.70702e-18
5.0851e-18
5.03574e-18
5.19128e-18
4.80558e-18
5.61013e-18
4.94145e-18
5.18394e-18
5.45319e-18
5.19231e-18
5.10054e-18
5.52426e-18
1.62294e-17
1.74239e-17
5.05319e-18
4.4984e-18
4.75076e-18
5.17739e-18
5.10816e-18
5.48143e-18
4.9824e-18
5.02752e-18
5.1776e-18
4.80592e-18
5.51737e-18
1.64464e-17
1.64257e-17
4.8806e-18
1.61137e-17
5.42051e-18
4.92865e-18
5.10829e-18
5.28149e-18
4.51117e-18
5.52328e-18
5.11062e-18
1.68784e-17
1.66586e-17
1.69142e-17
1.62395e-17
1.68952e-17
1.67273e-17
5.60985e-18
4.93899e-18
4.80884e-18
5.97527e-18
5.43352e-18
1.64703e-17
4.88629e-18
4.99422e-18
1.80074e-17
1.71408e-17
1.61526e-17
1.43683e-17
1.65883e-17
1.58977e-17
1.64977e-17
1.46232e-17
1.79472e-17
1.71106e-17
1.64409e-17
1.43573e-17
1.58672e-17
1.59482e-17
5.10657e-18
4.43241e-18
4.86339e-18
4.84483e-18
5.07776e-18
5.30049e-18
4.53089e-18
5.04967e-18
5.39262e-18
4.76284e-18
5.15762e-18
4.98938e-18
4.79321e-18
5.35576e-18
5.64928e-18
5.36197e-18
5.03147e-18
4.86297e-18
5.12955e-18
5.21937e-18
4.87141e-18
4.83501e-18
5.18978e-18
5.06748e-18
5.30411e-18
5.11574e-18
5.08814e-18
4.96453e-18
5.46919e-18
5.19829e-18
5.29539e-18
5.11922e-18
5.01016e-18
5.35214e-18
5.29882e-18
5.24754e-18
4.71266e-18
5.07175e-18
4.83335e-18
4.86017e-18
5.09998e-18
5.5442e-18
5.39233e-18
5.22604e-18
5.18151e-18
5.11981e-18
5.20973e-18
5.59026e-18
4.56878e-18
4.30882e-18
4.937e-18
5.85948e-18
4.79442e-18
4.89268e-18
5.29463e-18
5.64196e-18
5.56053e-18
5.17216e-18
5.12531e-18
4.98338e-18
5.42039e-18
5.20046e-18
5.20055e-18
5.2439e-18
5.05833e-18
4.7887e-18
5.6092e-18
5.08327e-18
5.24791e-18
4.82836e-18
5.4135e-18
5.08407e-18
4.9477e-18
5.53632e-18
5.55233e-18
5.42417e-18
5.00531e-18
5.60047e-18
5.46097e-18
4.82275e-18
4.84804e-18
4.6397e-18
4.78528e-18
4.92828e-18
5.55454e-18
5.31781e-18
4.74015e-18
4.82075e-18
5.52065e-18
5.13053e-18
4.82835e-18
5.46569e-18
5.77638e-18
4.894e-18
5.54934e-18
4.95107e-18
5.28983e-18
5.48829e-18
5.11387e-18
1.62296e-17
1.74361e-17
1.68479e-17
1.66478e-17
1.63181e-17
1.68738e-17
1.61051e-17
1.67316e-17
1.63644e-17
1.684e-17
1.68432e-17
1.7374e-17
1.63616e-17
5.45152e-18
5.18246e-18
1.79306e-17
1.7091e-17
1.60304e-17
1.44012e-17
1.65883e-17
1.58312e-17
1.64644e-17
1.47821e-17
1.78505e-17
5.39885e-18
5.71295e-18
1.43796e-17
1.58426e-17
5.78038e-18
5.31253e-18
4.84984e-18
5.35244e-18
5.27251e-18
4.68882e-18
4.71574e-18
4.79687e-18
1.61967e-17
1.71467e-17
4.46677e-18
5.2495e-18
5.00877e-18
4.93353e-18
5.69129e-18
5.0539e-18
5.17322e-18
4.93074e-18
5.07284e-18
5.59496e-18
5.33716e-18
5.32287e-18
4.94974e-18
5.1167e-18
5.09922e-18
5.12932e-18
5.52013e-18
5.40603e-18
4.63673e-18
4.85472e-18
5.4836e-18
4.90589e-18
5.45872e-18
4.88547e-18
4.65541e-18
5.52532e-18
4.24488e-18
5.11314e-18
5.13988e-18
5.28631e-18
5.54549e-18
5.4002e-18
5.24088e-18
5.48312e-18
5.28851e-18
4.87474e-18
5.07409e-18
4.15014e-18
5.21516e-18
4.6605e-18
1.40171e-18
1.18198e-18
1.14716e-18
1.44958e-18
1.33792e-18
1.22242e-18
1.28494e-18
1.28881e-18
1.32569e-18
1.33276e-18
1.23205e-18
1.24071e-18
1.34026e-18
1.26461e-18
1.34163e-18
1.35919e-18
1.23671e-18
1.17139e-18
1.43227e-18
1.37443e-18
1.52832e-18
1.30465e-18
1.25531e-18
1.25347e-18
1.2969e-18
1.21013e-18
1.31492e-18
1.15093e-17
1.15093e-17
1.24169e-18
1.27607e-18
1.33203e-18
1.22454e-18
1.2569e-18
1.19631e-18
1.2759e-18
1.32973e-18
1.3953e-18
1.20163e-18
1.28459e-18
1.11217e-17
1.12398e-17
1.15288e-18
1.13336e-17
1.27936e-18
1.38411e-18
1.30627e-18
1.29132e-18
1.26837e-18
1.23671e-18
1.24709e-18
1.14712e-17
1.15526e-17
1.14529e-17
1.148e-17
1.13683e-17
1.16123e-17
1.14544e-18
1.43553e-18
1.38513e-18
1.31215e-18
1.21341e-18
1.15318e-17
1.22285e-18
1.33849e-18
1.15664e-17
1.10128e-17
1.16171e-17
1.13737e-17
1.12038e-17
1.10639e-17
1.15492e-17
1.10671e-17
1.14483e-17
1.11112e-17
1.14842e-17
1.13627e-17
1.1333e-17
1.10849e-17
1.29536e-18
1.34593e-18
1.34177e-18
1.12594e-18
1.42025e-18
1.26684e-18
1.224e-18
1.1835e-18
1.34933e-18
1.32952e-18
1.19107e-18
1.34959e-18
1.3557e-18
1.26625e-18
1.28261e-18
1.19871e-18
1.4168e-18
1.3497e-18
1.35743e-18
1.37183e-18
1.21266e-18
1.39716e-18
1.27716e-18
1.24997e-18
1.18121e-18
1.38068e-18
1.26642e-18
1.41429e-18
1.39039e-18
1.34561e-18
1.43712e-18
1.38084e-18
1.39499e-18
1.28986e-18
1.35624e-18
1.28508e-18
1.33916e-18
1.28774e-18
1.22925e-18
1.30385e-18
1.26189e-18
1.41846e-18
1.18656e-18
1.17504e-18
1.32552e-18
1.30243e-18
1.18121e-18
1.27702e-18
1.26536e-18
1.22868e-18
1.31818e-18
1.36559e-18
1.07823e-18
1.22528e-18
1.31459e-18
1.27837e-18
1.28795e-18
1.35935e-18
1.41996e-18
1.36014e-18
1.23339e-18
1.24562e-18
1.3843e-18
1.35933e-18
1.31702e-18
1.26296e-18
1.24555e-18
1.3958e-18
1.19866e-18
1.30616e-18
1.20326e-18
1.37495e-18
1.29393e-18
1.39959e-18
1.19244e-18
1.34361e-18
1.39039e-18
1.33287e-18
1.36946e-18
1.35059e-18
1.16729e-18
1.2728e-18
1.37394e-18
1.31159e-18
1.2633e-18
1.11917e-18
1.13072e-18
1.24332e-18
1.39383e-18
1.39876e-18
1.26471e-18
1.29541e-18
1.30759e-18
1.24094e-18
1.26288e-18
1.37424e-18
1.40385e-18
1.22592e-18
1.11366e-18
1.12117e-17
1.15702e-17
1.14288e-17
1.14348e-17
1.12218e-17
1.14912e-17
1.17677e-17
1.13336e-17
1.13302e-17
1.1505e-17
1.14452e-17
1.14886e-17
1.12958e-17
1.25209e-18
1.21892e-18
1.15847e-17
1.09998e-17
1.16063e-17
1.13779e-17
1.12126e-17
1.10677e-17
1.15306e-17
1.10805e-17
1.14529e-17
1.24425e-18
1.22485e-18
1.13843e-17
1.13283e-17
1.29199e-18
1.16165e-18
1.11546e-18
1.25091e-18
1.21891e-18
1.30926e-18
1.20505e-18
1.2993e-18
1.12858e-17
1.13866e-17
1.37638e-18
1.16717e-18
1.19316e-18
1.18185e-18
1.36898e-18
1.29272e-18
1.3159e-18
1.35303e-18
1.22313e-18
1.23248e-18
1.27175e-18
1.19003e-18
1.29381e-18
1.38146e-18
1.18666e-18
1.19071e-18
1.28223e-18
1.2904e-18
1.17667e-18
1.23196e-18
1.37276e-18
1.46173e-18
1.31674e-18
1.2109e-18
1.32882e-18
1.31933e-18
1.30907e-18
1.32397e-18
1.33182e-18
1.36055e-18
1.44305e-18
1.16008e-18
1.394e-18
1.35224e-18
1.18984e-18
1.22043e-18
1.33039e-18
1.39378e-18
1.29597e-18
1.39971e-18
0
0
0
0
0
0
0
0
0
0
0
0
0
0
0
0
0
0
0
0
0
0
0
0
0
0
0
0
0
0
0
0
0
0
0
0
0
0
0
0
0
0
0
0
0
0
0
0
0
0
0
0
0
0
0
0
0
0
0
0
0
0
0
0
0
0
0
0
0
0
0
0
0
0
0
0
0
0
0
0
0
0
0
0
0
0
0
0
0
0
0
0
0
0
0
0
0
0
0
0
0
0
0
0
0
0
0
0
0
0
0
0
0
0
0
0
0
0
0
0
0
0
0
0
0
0
0
0
0
0
0
0
0
0
0
0
0
0
0
0
0
0
0
0
0
0
0
0
0
0
0
0
0
0
0
0
0
0
0
0
0
0
0
0
0
0
0
0
0
0
0
0
0
0
0
0
0
0
0
0
0
0
0
0
0
0
0
0
0
0
0
0
0
0
0
0
0
0
0
0
0
0
0
0
0
0
0
0
0
0
0
0
0
0
0
0
0
0
0
0
0
0
0
0
0
0
0
0
0
0
0
0
0
0
0
0
0
0
0
0
0
0
0
0
0
0
0
0
0
0
0
0
0
0
0
0
