5.973e-08
6.72524e-08
6.99397e-08
7.10246e-08
7.15166e-08
7.17222e-08
7.17937e-08
7.18113e-08
7.18113e-08
7.17937e-08
7.17222e-08
7.15166e-08
7.10246e-08
6.99397e-08
6.72524e-08
5.973e-08
6.72524e-08
1.10441e-05
1.15006e-05
1.16855e-05
1.17716e-05
1.18101e-05
1.18254e-05
1.18303e-05
1.18303e-05
1.18254e-05
1.18101e-05
1.17716e-05
1.16855e-05
1.15006e-05
1.10441e-05
6.72524e-08
6.99397e-08
1.15006e-05
1.19994e-05
1.22085e-05
1.23086e-05
1.23551e-05
1.23748e-05
1.23816e-05
1.23816e-05
1.23748e-05
1.23551e-05
1.23086e-05
1.22085e-05
1.19994e-05
1.15006e-05
6.99397e-08
7.10246e-08
1.16855e-05
1.22085e-05
1.24344e-05
1.2545e-05
1.25977e-05
1.26209e-05
1.26292e-05
1.26292e-05
1.26209e-05
1.25977e-05
1.2545e-05
1.24344e-05
1.22085e-05
1.16855e-05
7.10246e-08
7.15166e-08
1.17716e-05
1.23086e-05
1.2545e-05
1.26626e-05
1.27197e-05
1.27453e-05
1.27547e-05
1.27547e-05
1.27453e-05
1.27197e-05
1.26626e-05
1.2545e-05
1.23086e-05
1.17716e-05
7.15166e-08
7.17222e-08
1.18101e-05
1.23551e-05
1.25977e-05
1.27197e-05
1.27795e-05
1.28067e-05
1.28169e-05
1.28169e-05
1.28067e-05
1.27795e-05
1.27197e-05
1.25977e-05
1.23551e-05
1.18101e-05
7.17222e-08
7.17937e-08
1.18254e-05
1.23748e-05
1.26209e-05
1.27453e-05
1.28067e-05
1.28349e-05
1.28455e-05
1.28455e-05
1.28349e-05
1.28067e-05
1.27453e-05
1.26209e-05
1.23748e-05
1.18254e-05
7.17937e-08
7.18113e-08
1.18303e-05
1.23816e-05
1.26292e-05
1.27547e-05
1.28169e-05
1.28455e-05
1.28562e-05
1.28562e-05
1.28455e-05
1.28169e-05
1.27547e-05
1.26292e-05
1.23816e-05
1.18303e-05
7.18113e-08
7.18113e-08
1.18303e-05
1.23816e-05
1.26292e-05
1.27547e-05
1.28169e-05
1.28455e-05
1.28562e-05
1.28562e-05
1.28455e-05
1.28169e-05
1.27547e-05
1.26292e-05
1.23816e-05
1.18303e-05
7.18113e-08
7.17937e-08
1.18254e-05
1.23748e-05
1.26209e-05
1.27453e-05
1.28067e-05
1.28349e-05
1.28455e-05
1.28455e-05
1.28349e-05
1.28067e-05
1.27453e-05
1.26209e-05
1.23748e-05
1.18254e-05
7.17937e-08
7.17222e-08
1.18101e-05
1.23551e-05
1.25977e-05
1.27197e-05
1.27795e-05
1.28067e-05
1.28169e-05
1.28169e-05
1.28067e-05
1.27795e-05
1.27197e-05
1.25977e-05
1.23551e-05
1.18101e-05
7.17222e-08
7.15166e-08
1.17716e-05
1.23086e-05
1.2545e-05
1.26626e-05
1.27197e-05
1.27453e-05
1.27547e-05
1.27547e-05
1.27453e-05
1.27197e-05
1.26626e-05
1.2545e-05
1.23086e-05
1.17716e-05
7.15166e-08
7.10246e-08
1.16855e-05
1.22085e-05
1.24344e-05
1.2545e-05
1.25977e-05
1.26209e-05
1.26292e-05
1.26292e-05
1.26209e-05
1.25977e-05
1.2545e-05
1.24344e-05
1.22085e-05
1.16855e-05
7.10246e-08
6.99397e-08
1.15006e-05
1.19994e-05
1.22085e-05
1.23086e-05
1.23551e-05
1.23748e-05
1.23816e-05
1.23816e-05
1.23748e-05
1.23551e-05
1.23086e-05
1.22085e-05
1.19994e-05
1.15006e-05
6.99397e-08
6.72524e-08
1.10441e-05
1.15006e-05
1.16855e-05
1.17716e-05
1.18101e-05
1.18254e-05
1.18303e-05
1.18303e-05
1.18254e-05
1.18101e-05
1.17716e-05
1.16855e-05
1.15006e-05
1.10441e-05
6.72524e-08
5.973e-08
6.72524e-08
6.99397e-08
7.10246e-08
7.15166e-08
7.17222e-08
7.17937e-08
7.18113e-08
7.18113e-08
7.17937e-08
7.17222e-08
7.15166e-08
7.10246e-08
6.99397e-08
6.72524e-08
5.973e-08
2.94487e-08
3.31575e-08
3.44824e-08
3.50173e-08
3.52599e-08
3.53613e-08
3.53965e-08
3.54052e-08
3.54052e-08
3.53965e-08
3.53613e-08
3.52599e-08
3.50173e-08
3.44824e-08
3.31575e-08
2.94487e-08
3.31575e-08
3.60431e-06
3.75331e-06
3.81365e-06
3.84177e-06
3.85432e-06
3.85933e-06
3.86092e-06
3.86092e-06
3.85933e-06
3.85432e-06
3.84177e-06
3.81365e-06
3.75331e-06
3.60431e-06
3.31575e-08
3.44824e-08
3.75331e-06
3.91611e-06
3.98437e-06
4.01704e-06
4.03221e-06
4.03865e-06
4.04086e-06
4.04086e-06
4.03865e-06
4.03221e-06
4.01704e-06
3.98437e-06
3.91611e-06
3.75331e-06
3.44824e-08
3.50173e-08
3.81365e-06
3.98437e-06
4.0581e-06
4.09419e-06
4.1114e-06
4.11896e-06
4.12167e-06
4.12167e-06
4.11896e-06
4.1114e-06
4.09419e-06
4.0581e-06
3.98437e-06
3.81365e-06
3.50173e-08
3.52599e-08
3.84177e-06
4.01704e-06
4.09419e-06
4.13257e-06
4.15121e-06
4.15957e-06
4.16264e-06
4.16264e-06
4.15957e-06
4.15121e-06
4.13257e-06
4.09419e-06
4.01704e-06
3.84177e-06
3.52599e-08
3.53613e-08
3.85432e-06
4.03221e-06
4.1114e-06
4.15121e-06
4.17075e-06
4.17964e-06
4.18294e-06
4.18294e-06
4.17964e-06
4.17075e-06
4.15121e-06
4.1114e-06
4.03221e-06
3.85432e-06
3.53613e-08
3.53965e-08
3.85933e-06
4.03865e-06
4.11896e-06
4.15957e-06
4.17964e-06
4.18883e-06
4.19228e-06
4.19228e-06
4.18883e-06
4.17964e-06
4.15957e-06
4.11896e-06
4.03865e-06
3.85933e-06
3.53965e-08
3.54052e-08
3.86092e-06
4.04086e-06
4.12167e-06
4.16264e-06
4.18294e-06
4.19228e-06
4.19578e-06
4.19578e-06
4.19228e-06
4.18294e-06
4.16264e-06
4.12167e-06
4.04086e-06
3.86092e-06
3.54052e-08
3.54052e-08
3.86092e-06
4.04086e-06
4.12167e-06
4.16264e-06
4.18294e-06
4.19228e-06
4.19578e-06
4.19578e-06
4.19228e-06
4.18294e-06
4.16264e-06
4.12167e-06
4.04086e-06
3.86092e-06
3.54052e-08
3.53965e-08
3.85933e-06
4.03865e-06
4.11896e-06
4.15957e-06
4.17964e-06
4.18883e-06
4.19228e-06
4.19228e-06
4.18883e-06
4.17964e-06
4.15957e-06
4.11896e-06
4.03865e-06
3.85933e-06
3.53965e-08
3.53613e-08
3.85432e-06
4.03221e-06
4.1114e-06
4.15121e-06
4.17075e-06
4.17964e-06
4.18294e-06
4.18294e-06
4.17964e-06
4.17075e-06
4.15121e-06
4.1114e-06
4.03221e-06
3.85432e-06
3.53613e-08
3.52599e-08
3.84177e-06
4.01704e-06
4.09419e-06
4.13257e-06
4.15121e-06
4.15957e-06
4.16264e-06
4.16264e-06
4.15957e-06
4.15121e-06
4.13257e-06
4.09419e-06
4.01704e-06
3.84177e-06
3.52599e-08
3.50173e-08
3.81365e-06
3.98437e-06
4.0581e-06
4.09419e-06
4.1114e-06
4.11896e-06
4.12167e-06
4.12167e-06
4.11896e-06
4.1114e-06
4.09419e-06
4.0581e-06
3.98437e-06
3.81365e-06
3.50173e-08
3.44824e-08
3.75331e-06
3.91611e-06
3.98437e-06
4.01704e-06
4.03221e-06
4.03865e-06
4.04086e-06
4.04086e-06
4.03865e-06
4.03221e-06
4.01704e-06
3.98437e-06
3.91611e-06
3.75331e-06
3.44824e-08
3.31575e-08
3.60431e-06
3.75331e-06
3.81365e-06
3.84177e-06
3.85432e-06
3.85933e-06
3.86092e-06
3.86092e-06
3.85933e-06
3.85432e-06
3.84177e-06
3.81365e-06
3.75331e-06
3.60431e-06
3.31575e-08
2.94487e-08
3.31575e-08
3.44824e-08
3.50173e-08
3.52599e-08
3.53613e-08
3.53965e-08
3.54052e-08
3.54052e-08
3.53965e-08
3.53613e-08
3.52599e-08
3.50173e-08
3.44824e-08
3.31575e-08
2.94487e-08
1.81786e-08
2.04681e-08
2.12859e-08
2.16161e-08
2.17659e-08
2.18284e-08
2.18502e-08
2.18555e-08
2.18555e-08
2.18502e-08
2.18284e-08
2.17659e-08
2.16161e-08
2.12859e-08
2.04681e-08
1.81786e-08
2.04681e-08
1.64196e-06
1.70984e-06
1.73733e-06
1.75014e-06
1.75586e-06
1.75814e-06
1.75886e-06
1.75886e-06
1.75814e-06
1.75586e-06
1.75014e-06
1.73733e-06
1.70984e-06
1.64196e-06
2.04681e-08
2.12859e-08
1.70984e-06
1.784e-06
1.8151e-06
1.82998e-06
1.83689e-06
1.83982e-06
1.84083e-06
1.84083e-06
1.83982e-06
1.83689e-06
1.82998e-06
1.8151e-06
1.784e-06
1.70984e-06
2.12859e-08
2.16161e-08
1.73733e-06
1.8151e-06
1.84869e-06
1.86513e-06
1.87297e-06
1.87642e-06
1.87765e-06
1.87765e-06
1.87642e-06
1.87297e-06
1.86513e-06
1.84869e-06
1.8151e-06
1.73733e-06
2.16161e-08
2.17659e-08
1.75014e-06
1.82998e-06
1.86513e-06
1.88262e-06
1.89111e-06
1.89492e-06
1.89631e-06
1.89631e-06
1.89492e-06
1.89111e-06
1.88262e-06
1.86513e-06
1.82998e-06
1.75014e-06
2.17659e-08
2.18284e-08
1.75586e-06
1.83689e-06
1.87297e-06
1.89111e-06
1.90001e-06
1.90406e-06
1.90556e-06
1.90556e-06
1.90406e-06
1.90001e-06
1.89111e-06
1.87297e-06
1.83689e-06
1.75586e-06
2.18284e-08
2.18502e-08
1.75814e-06
1.83982e-06
1.87642e-06
1.89492e-06
1.90406e-06
1.90825e-06
1.90982e-06
1.90982e-06
1.90825e-06
1.90406e-06
1.89492e-06
1.87642e-06
1.83982e-06
1.75814e-06
2.18502e-08
2.18555e-08
1.75886e-06
1.84083e-06
1.87765e-06
1.89631e-06
1.90556e-06
1.90982e-06
1.91141e-06
1.91141e-06
1.90982e-06
1.90556e-06
1.89631e-06
1.87765e-06
1.84083e-06
1.75886e-06
2.18555e-08
2.18555e-08
1.75886e-06
1.84083e-06
1.87765e-06
1.89631e-06
1.90556e-06
1.90982e-06
1.91141e-06
1.91141e-06
1.90982e-06
1.90556e-06
1.89631e-06
1.87765e-06
1.84083e-06
1.75886e-06
2.18555e-08
2.18502e-08
1.75814e-06
1.83982e-06
1.87642e-06
1.89492e-06
1.90406e-06
1.90825e-06
1.90982e-06
1.90982e-06
1.90825e-06
1.90406e-06
1.89492e-06
1.87642e-06
1.83982e-06
1.75814e-06
2.18502e-08
2.18284e-08
1.75586e-06
1.83689e-06
1.87297e-06
1.89111e-06
1.90001e-06
1.90406e-06
1.90556e-06
1.90556e-06
1.90406e-06
1.90001e-06
1.89111e-06
1.87297e-06
1.83689e-06
1.75586e-06
2.18284e-08
2.17659e-08
1.75014e-06
1.82998e-06
1.86513e-06
1.88262e-06
1.89111e-06
1.89492e-06
1.89631e-06
1.89631e-06
1.89492e-06
1.89111e-06
1.88262e-06
1.86513e-06
1.82998e-06
1.75014e-06
2.17659e-08
2.16161e-08
1.73733e-06
1.8151e-06
1.84869e-06
1.86513e-06
1.87297e-06
1.87642e-06
1.87765e-06
1.87765e-06
1.87642e-06
1.87297e-06
1.86513e-06
1.84869e-06
1.8151e-06
1.73733e-06
2.16161e-08
2.12859e-08
1.70984e-06
1.784e-06
1.8151e-06
1.82998e-06
1.83689e-06
1.83982e-06
1.84083e-06
1.84083e-06
1.83982e-06
1.83689e-06
1.82998e-06
1.8151e-06
1.784e-06
1.70984e-06
2.12859e-08
2.04681e-08
1.64196e-06
1.70984e-06
1.73733e-06
1.75014e-06
1.75586e-06
1.75814e-06
1.75886e-06
1.75886e-06
1.75814e-06
1.75586e-06
1.75014e-06
1.73733e-06
1.70984e-06
1.64196e-06
2.04681e-08
1.81786e-08
2.04681e-08
2.12859e-08
2.16161e-08
2.17659e-08
2.18284e-08
2.18502e-08
2.18555e-08
2.18555e-08
2.18502e-08
2.18284e-08
2.17659e-08
2.16161e-08
2.12859e-08
2.04681e-08
1.81786e-08
1.0926e-08
1.23021e-08
1.27936e-08
1.29921e-08
1.30821e-08
1.31197e-08
1.31328e-08
1.3136e-08
1.3136e-08
1.31328e-08
1.31197e-08
1.30821e-08
1.29921e-08
1.27936e-08
1.23021e-08
1.0926e-08
1.23021e-08
9.31108e-07
9.69599e-07
9.8519e-07
9.92454e-07
9.95697e-07
9.96992e-07
9.97401e-07
9.97401e-07
9.96992e-07
9.95697e-07
9.92454e-07
9.8519e-07
9.69599e-07
9.31108e-07
1.23021e-08
1.27936e-08
9.69599e-07
1.01166e-06
1.02929e-06
1.03773e-06
1.04165e-06
1.04331e-06
1.04388e-06
1.04388e-06
1.04331e-06
1.04165e-06
1.03773e-06
1.02929e-06
1.01166e-06
9.69599e-07
1.27936e-08
1.29921e-08
9.8519e-07
1.02929e-06
1.04834e-06
1.05766e-06
1.06211e-06
1.06406e-06
1.06476e-06
1.06476e-06
1.06406e-06
1.06211e-06
1.05766e-06
1.04834e-06
1.02929e-06
9.8519e-07
1.29921e-08
1.30821e-08
9.92454e-07
1.03773e-06
1.05766e-06
1.06758e-06
1.07239e-06
1.07455e-06
1.07534e-06
1.07534e-06
1.07455e-06
1.07239e-06
1.06758e-06
1.05766e-06
1.03773e-06
9.92454e-07
1.30821e-08
1.31197e-08
9.95697e-07
1.04165e-06
1.06211e-06
1.07239e-06
1.07744e-06
1.07974e-06
1.08059e-06
1.08059e-06
1.07974e-06
1.07744e-06
1.07239e-06
1.06211e-06
1.04165e-06
9.95697e-07
1.31197e-08
1.31328e-08
9.96992e-07
1.04331e-06
1.06406e-06
1.07455e-06
1.07974e-06
1.08211e-06
1.083e-06
1.083e-06
1.08211e-06
1.07974e-06
1.07455e-06
1.06406e-06
1.04331e-06
9.96992e-07
1.31328e-08
1.3136e-08
9.97401e-07
1.04388e-06
1.06476e-06
1.07534e-06
1.08059e-06
1.083e-06
1.08391e-06
1.08391e-06
1.083e-06
1.08059e-06
1.07534e-06
1.06476e-06
1.04388e-06
9.97401e-07
1.3136e-08
1.3136e-08
9.97401e-07
1.04388e-06
1.06476e-06
1.07534e-06
1.08059e-06
1.083e-06
1.08391e-06
1.08391e-06
1.083e-06
1.08059e-06
1.07534e-06
1.06476e-06
1.04388e-06
9.97401e-07
1.3136e-08
1.31328e-08
9.96992e-07
1.04331e-06
1.06406e-06
1.07455e-06
1.07974e-06
1.08211e-06
1.083e-06
1.083e-06
1.08211e-06
1.07974e-06
1.07455e-06
1.06406e-06
1.04331e-06
9.96992e-07
1.31328e-08
1.31197e-08
9.95697e-07
1.04165e-06
1.06211e-06
1.07239e-06
1.07744e-06
1.07974e-06
1.08059e-06
1.08059e-06
1.07974e-06
1.07744e-06
1.07239e-06
1.06211e-06
1.04165e-06
9.95697e-07
1.31197e-08
1.30821e-08
9.92454e-07
1.03773e-06
1.05766e-06
1.06758e-06
1.07239e-06
1.07455e-06
1.07534e-06
1.07534e-06
1.07455e-06
1.07239e-06
1.06758e-06
1.05766e-06
1.03773e-06
9.92454e-07
1.30821e-08
1.29921e-08
9.8519e-07
1.02929e-06
1.04834e-06
1.05766e-06
1.06211e-06
1.06406e-06
1.06476e-06
1.06476e-06
1.06406e-06
1.06211e-06
1.05766e-06
1.04834e-06
1.02929e-06
9.8519e-07
1.29921e-08
1.27936e-08
9.69599e-07
1.01166e-06
1.02929e-06
1.03773e-06
1.04165e-06
1.04331e-06
1.04388e-06
1.04388e-06
1.04331e-06
1.04165e-06
1.03773e-06
1.02929e-06
1.01166e-06
9.69599e-07
1.27936e-08
1.23021e-08
9.31108e-07
9.69599e-07
9.8519e-07
9.92454e-07
9.95697e-07
9.96992e-07
9.97401e-07
9.97401e-07
9.96992e-07
9.95697e-07
9.92454e-07
9.8519e-07
9.69599e-07
9.31108e-07
1.23021e-08
1.0926e-08
1.23021e-08
1.27936e-08
1.29921e-08
1.30821e-08
1.31197e-08
1.31328e-08
1.3136e-08
1.3136e-08
1.31328e-08
1.31197e-08
1.30821e-08
1.29921e-08
1.27936e-08
1.23021e-08
1.0926e-08
7.72668e-09
8.69978e-09
9.0474e-09
9.18774e-09
9.25139e-09
9.27799e-09
9.28724e-09
9.28951e-09
9.28951e-09
9.28724e-09
9.27799e-09
9.25139e-09
9.18774e-09
9.0474e-09
8.69978e-09
7.72668e-09
8.69978e-09
5.9011e-07
6.14504e-07
6.24384e-07
6.28989e-07
6.31044e-07
6.31865e-07
6.32122e-07
6.32122e-07
6.31865e-07
6.31044e-07
6.28989e-07
6.24384e-07
6.14504e-07
5.9011e-07
8.69978e-09
9.0474e-09
6.14504e-07
6.41159e-07
6.52335e-07
6.57683e-07
6.60167e-07
6.61221e-07
6.61583e-07
6.61583e-07
6.61221e-07
6.60167e-07
6.57683e-07
6.52335e-07
6.41159e-07
6.14504e-07
9.0474e-09
9.18774e-09
6.24384e-07
6.52335e-07
6.64406e-07
6.70315e-07
6.73133e-07
6.74371e-07
6.74815e-07
6.74815e-07
6.74371e-07
6.73133e-07
6.70315e-07
6.64406e-07
6.52335e-07
6.24384e-07
9.18774e-09
9.25139e-09
6.28989e-07
6.57683e-07
6.70315e-07
6.766e-07
6.7965e-07
6.8102e-07
6.81522e-07
6.81522e-07
6.8102e-07
6.7965e-07
6.766e-07
6.70315e-07
6.57683e-07
6.28989e-07
9.25139e-09
9.27799e-09
6.31044e-07
6.60167e-07
6.73133e-07
6.7965e-07
6.8285e-07
6.84306e-07
6.84848e-07
6.84848e-07
6.84306e-07
6.8285e-07
6.7965e-07
6.73133e-07
6.60167e-07
6.31044e-07
9.27799e-09
9.28724e-09
6.31865e-07
6.61221e-07
6.74371e-07
6.8102e-07
6.84306e-07
6.85813e-07
6.86376e-07
6.86376e-07
6.85813e-07
6.84306e-07
6.8102e-07
6.74371e-07
6.61221e-07
6.31865e-07
9.28724e-09
9.28951e-09
6.32122e-07
6.61583e-07
6.74815e-07
6.81522e-07
6.84848e-07
6.86376e-07
6.8695e-07
6.8695e-07
6.86376e-07
6.84848e-07
6.81522e-07
6.74815e-07
6.61583e-07
6.32122e-07
9.28951e-09
9.28951e-09
6.32122e-07
6.61583e-07
6.74815e-07
6.81522e-07
6.84848e-07
6.86376e-07
6.8695e-07
6.8695e-07
6.86376e-07
6.84848e-07
6.81522e-07
6.74815e-07
6.61583e-07
6.32122e-07
9.28951e-09
9.28724e-09
6.31865e-07
6.61221e-07
6.74371e-07
6.8102e-07
6.84306e-07
6.85813e-07
6.86376e-07
6.86376e-07
6.85813e-07
6.84306e-07
6.8102e-07
6.74371e-07
6.61221e-07
6.31865e-07
9.28724e-09
9.27799e-09
6.31044e-07
6.60167e-07
6.73133e-07
6.7965e-07
6.8285e-07
6.84306e-07
6.84848e-07
6.84848e-07
6.84306e-07
6.8285e-07
6.7965e-07
6.73133e-07
6.60167e-07
6.31044e-07
9.27799e-09
9.25139e-09
6.28989e-07
6.57683e-07
6.70315e-07
6.766e-07
6.7965e-07
6.8102e-07
6.81522e-07
6.81522e-07
6.8102e-07
6.7965e-07
6.766e-07
6.70315e-07
6.57683e-07
6.28989e-07
9.25139e-09
9.18774e-09
6.24384e-07
6.52335e-07
6.64406e-07
6.70315e-07
6.73133e-07
6.74371e-07
6.74815e-07
6.74815e-07
6.74371e-07
6.73133e-07
6.70315e-07
6.64406e-07
6.52335e-07
6.24384e-07
9.18774e-09
9.0474e-09
6.14504e-07
6.41159e-07
6.52335e-07
6.57683e-07
6.60167e-07
6.61221e-07
6.61583e-07
6.61583e-07
6.61221e-07
6.60167e-07
6.57683e-07
6.52335e-07
6.41159e-07
6.14504e-07
9.0474e-09
8.69978e-09
5.9011e-07
6.14504e-07
6.24384e-07
6.28989e-07
6.31044e-07
6.31865e-07
6.32122e-07
6.32122e-07
6.31865e-07
6.31044e-07
6.28989e-07
6.24384e-07
6.14504e-07
5.9011e-07
8.69978e-09
7.72668e-09
8.69978e-09
9.0474e-09
9.18774e-09
9.25139e-09
9.27799e-09
9.28724e-09
9.28951e-09
9.28951e-09
9.28724e-09
9.27799e-09
9.25139e-09
9.18774e-09
9.0474e-09
8.69978e-09
7.72668e-09
5.28549e-09
5.95115e-09
6.18894e-09
6.28494e-09
6.32848e-09
6.34668e-09
6.35301e-09
6.35456e-09
6.35456e-09
6.35301e-09
6.34668e-09
6.32848e-09
6.28494e-09
6.18894e-09
5.95115e-09
5.28549e-09
5.95115e-09
4.10499e-07
4.27469e-07
4.34342e-07
4.37545e-07
4.38975e-07
4.39545e-07
4.39726e-07
4.39726e-07
4.39545e-07
4.38975e-07
4.37545e-07
4.34342e-07
4.27469e-07
4.10499e-07
5.95115e-09
6.18894e-09
4.27469e-07
4.46011e-07
4.53785e-07
4.57507e-07
4.59234e-07
4.59967e-07
4.60219e-07
4.60219e-07
4.59967e-07
4.59234e-07
4.57507e-07
4.53785e-07
4.46011e-07
4.27469e-07
6.18894e-09
6.28494e-09
4.34342e-07
4.53785e-07
4.62182e-07
4.66294e-07
4.68254e-07
4.69115e-07
4.69424e-07
4.69424e-07
4.69115e-07
4.68254e-07
4.66294e-07
4.62182e-07
4.53785e-07
4.34342e-07
6.28494e-09
6.32848e-09
4.37545e-07
4.57507e-07
4.66294e-07
4.70666e-07
4.72788e-07
4.73741e-07
4.7409e-07
4.7409e-07
4.73741e-07
4.72788e-07
4.70666e-07
4.66294e-07
4.57507e-07
4.37545e-07
6.32848e-09
6.34668e-09
4.38975e-07
4.59234e-07
4.68254e-07
4.72788e-07
4.75014e-07
4.76026e-07
4.76402e-07
4.76402e-07
4.76026e-07
4.75014e-07
4.72788e-07
4.68254e-07
4.59234e-07
4.38975e-07
6.34668e-09
6.35301e-09
4.39545e-07
4.59967e-07
4.69115e-07
4.73741e-07
4.76026e-07
4.77074e-07
4.77466e-07
4.77466e-07
4.77074e-07
4.76026e-07
4.73741e-07
4.69115e-07
4.59967e-07
4.39545e-07
6.35301e-09
6.35456e-09
4.39726e-07
4.60219e-07
4.69424e-07
4.7409e-07
4.76402e-07
4.77466e-07
4.77865e-07
4.77865e-07
4.77466e-07
4.76402e-07
4.7409e-07
4.69424e-07
4.60219e-07
4.39726e-07
6.35456e-09
6.35456e-09
4.39726e-07
4.60219e-07
4.69424e-07
4.7409e-07
4.76402e-07
4.77466e-07
4.77865e-07
4.77865e-07
4.77466e-07
4.76402e-07
4.7409e-07
4.69424e-07
4.60219e-07
4.39726e-07
6.35456e-09
6.35301e-09
4.39545e-07
4.59967e-07
4.69115e-07
4.73741e-07
4.76026e-07
4.77074e-07
4.77466e-07
4.77466e-07
4.77074e-07
4.76026e-07
4.73741e-07
4.69115e-07
4.59967e-07
4.39545e-07
6.35301e-09
6.34668e-09
4.38975e-07
4.59234e-07
4.68254e-07
4.72788e-07
4.75014e-07
4.76026e-07
4.76402e-07
4.76402e-07
4.76026e-07
4.75014e-07
4.72788e-07
4.68254e-07
4.59234e-07
4.38975e-07
6.34668e-09
6.32848e-09
4.37545e-07
4.57507e-07
4.66294e-07
4.70666e-07
4.72788e-07
4.73741e-07
4.7409e-07
4.7409e-07
4.73741e-07
4.72788e-07
4.70666e-07
4.66294e-07
4.57507e-07
4.37545e-07
6.32848e-09
6.28494e-09
4.34342e-07
4.53785e-07
4.62182e-07
4.66294e-07
4.68254e-07
4.69115e-07
4.69424e-07
4.69424e-07
4.69115e-07
4.68254e-07
4.66294e-07
4.62182e-07
4.53785e-07
4.34342e-07
6.28494e-09
6.18894e-09
4.27469e-07
4.46011e-07
4.53785e-07
4.57507e-07
4.59234e-07
4.59967e-07
4.60219e-07
4.60219e-07
4.59967e-07
4.59234e-07
4.57507e-07
4.53785e-07
4.46011e-07
4.27469e-07
6.18894e-09
5.95115e-09
4.10499e-07
4.27469e-07
4.34342e-07
4.37545e-07
4.38975e-07
4.39545e-07
4.39726e-07
4.39726e-07
4.39545e-07
4.38975e-07
4.37545e-07
4.34342e-07
4.27469e-07
4.10499e-07
5.95115e-09
5.28549e-09
5.95115e-09
6.18894e-09
6.28494e-09
6.32848e-09
6.34668e-09
6.35301e-09
6.35456e-09
6.35456e-09
6.35301e-09
6.34668e-09
6.32848e-09
6.28494e-09
6.18894e-09
5.95115e-09
5.28549e-09
3.89102e-09
4.38106e-09
4.55611e-09
4.62679e-09
4.65884e-09
4.67223e-09
4.67689e-09
4.67804e-09
4.67804e-09
4.67689e-09
4.67223e-09
4.65884e-09
4.62679e-09
4.55611e-09
4.38106e-09
3.89102e-09
4.38106e-09
2.98003e-07
3.10322e-07
3.15311e-07
3.17636e-07
3.18674e-07
3.19088e-07
3.19219e-07
3.19219e-07
3.19088e-07
3.18674e-07
3.17636e-07
3.15311e-07
3.10322e-07
2.98003e-07
4.38106e-09
4.55611e-09
3.10322e-07
3.23782e-07
3.29426e-07
3.32127e-07
3.33381e-07
3.33913e-07
3.34096e-07
3.34096e-07
3.33913e-07
3.33381e-07
3.32127e-07
3.29426e-07
3.23782e-07
3.10322e-07
4.55611e-09
4.62679e-09
3.15311e-07
3.29426e-07
3.35522e-07
3.38506e-07
3.39929e-07
3.40554e-07
3.40778e-07
3.40778e-07
3.40554e-07
3.39929e-07
3.38506e-07
3.35522e-07
3.29426e-07
3.15311e-07
4.62679e-09
4.65884e-09
3.17636e-07
3.32127e-07
3.38506e-07
3.4168e-07
3.43221e-07
3.43912e-07
3.44166e-07
3.44166e-07
3.43912e-07
3.43221e-07
3.4168e-07
3.38506e-07
3.32127e-07
3.17636e-07
4.65884e-09
4.67223e-09
3.18674e-07
3.33381e-07
3.39929e-07
3.43221e-07
3.44836e-07
3.45572e-07
3.45845e-07
3.45845e-07
3.45572e-07
3.44836e-07
3.43221e-07
3.39929e-07
3.33381e-07
3.18674e-07
4.67223e-09
4.67689e-09
3.19088e-07
3.33913e-07
3.40554e-07
3.43912e-07
3.45572e-07
3.46332e-07
3.46617e-07
3.46617e-07
3.46332e-07
3.45572e-07
3.43912e-07
3.40554e-07
3.33913e-07
3.19088e-07
4.67689e-09
4.67804e-09
3.19219e-07
3.34096e-07
3.40778e-07
3.44166e-07
3.45845e-07
3.46617e-07
3.46907e-07
3.46907e-07
3.46617e-07
3.45845e-07
3.44166e-07
3.40778e-07
3.34096e-07
3.19219e-07
4.67804e-09
4.67804e-09
3.19219e-07
3.34096e-07
3.40778e-07
3.44166e-07
3.45845e-07
3.46617e-07
3.46907e-07
3.46907e-07
3.46617e-07
3.45845e-07
3.44166e-07
3.40778e-07
3.34096e-07
3.19219e-07
4.67804e-09
4.67689e-09
3.19088e-07
3.33913e-07
3.40554e-07
3.43912e-07
3.45572e-07
3.46332e-07
3.46617e-07
3.46617e-07
3.46332e-07
3.45572e-07
3.43912e-07
3.40554e-07
3.33913e-07
3.19088e-07
4.67689e-09
4.67223e-09
3.18674e-07
3.33381e-07
3.39929e-07
3.43221e-07
3.44836e-07
3.45572e-07
3.45845e-07
3.45845e-07
3.45572e-07
3.44836e-07
3.43221e-07
3.39929e-07
3.33381e-07
3.18674e-07
4.67223e-09
4.65884e-09
3.17636e-07
3.32127e-07
3.38506e-07
3.4168e-07
3.43221e-07
3.43912e-07
3.44166e-07
3.44166e-07
3.43912e-07
3.43221e-07
3.4168e-07
3.38506e-07
3.32127e-07
3.17636e-07
4.65884e-09
4.62679e-09
3.15311e-07
3.29426e-07
3.35522e-07
3.38506e-07
3.39929e-07
3.40554e-07
3.40778e-07
3.40778e-07
3.40554e-07
3.39929e-07
3.38506e-07
3.35522e-07
3.29426e-07
3.15311e-07
4.62679e-09
4.55611e-09
3.10322e-07
3.23782e-07
3.29426e-07
3.32127e-07
3.33381e-07
3.33913e-07
3.34096e-07
3.34096e-07
3.33913e-07
3.33381e-07
3.32127e-07
3.29426e-07
3.23782e-07
3.10322e-07
4.55611e-09
4.38106e-09
2.98003e-07
3.10322e-07
3.15311e-07
3.17636e-07
3.18674e-07
3.19088e-07
3.19219e-07
3.19219e-07
3.19088e-07
3.18674e-07
3.17636e-07
3.15311e-07
3.10322e-07
2.98003e-07
4.38106e-09
3.89102e-09
4.38106e-09
4.55611e-09
4.62679e-09
4.65884e-09
4.67223e-09
4.67689e-09
4.67804e-09
4.67804e-09
4.67689e-09
4.67223e-09
4.65884e-09
4.62679e-09
4.55611e-09
4.38106e-09
3.89102e-09
2.54698e-09
2.86775e-09
2.98234e-09
3.0286e-09
3.04958e-09
3.05835e-09
3.0614e-09
3.06214e-09
3.06214e-09
3.0614e-09
3.05835e-09
3.04958e-09
3.0286e-09
2.98234e-09
2.86775e-09
2.54698e-09
2.86775e-09
2.25993e-07
2.35335e-07
2.39118e-07
2.40882e-07
2.41669e-07
2.41983e-07
2.42082e-07
2.42082e-07
2.41983e-07
2.41669e-07
2.40882e-07
2.39118e-07
2.35335e-07
2.25993e-07
2.86775e-09
2.98234e-09
2.35335e-07
2.45543e-07
2.49823e-07
2.51871e-07
2.52823e-07
2.53226e-07
2.53365e-07
2.53365e-07
2.53226e-07
2.52823e-07
2.51871e-07
2.49823e-07
2.45543e-07
2.35335e-07
2.98234e-09
3.0286e-09
2.39118e-07
2.49823e-07
2.54446e-07
2.56709e-07
2.57788e-07
2.58262e-07
2.58432e-07
2.58432e-07
2.58262e-07
2.57788e-07
2.56709e-07
2.54446e-07
2.49823e-07
2.39118e-07
3.0286e-09
3.04958e-09
2.40882e-07
2.51871e-07
2.56709e-07
2.59116e-07
2.60284e-07
2.60809e-07
2.61001e-07
2.61001e-07
2.60809e-07
2.60284e-07
2.59116e-07
2.56709e-07
2.51871e-07
2.40882e-07
3.04958e-09
3.05835e-09
2.41669e-07
2.52823e-07
2.57788e-07
2.60284e-07
2.6151e-07
2.62067e-07
2.62274e-07
2.62274e-07
2.62067e-07
2.6151e-07
2.60284e-07
2.57788e-07
2.52823e-07
2.41669e-07
3.05835e-09
3.0614e-09
2.41983e-07
2.53226e-07
2.58262e-07
2.60809e-07
2.62067e-07
2.62644e-07
2.6286e-07
2.6286e-07
2.62644e-07
2.62067e-07
2.60809e-07
2.58262e-07
2.53226e-07
2.41983e-07
3.0614e-09
3.06214e-09
2.42082e-07
2.53365e-07
2.58432e-07
2.61001e-07
2.62274e-07
2.6286e-07
2.63079e-07
2.63079e-07
2.6286e-07
2.62274e-07
2.61001e-07
2.58432e-07
2.53365e-07
2.42082e-07
3.06214e-09
3.06214e-09
2.42082e-07
2.53365e-07
2.58432e-07
2.61001e-07
2.62274e-07
2.6286e-07
2.63079e-07
2.63079e-07
2.6286e-07
2.62274e-07
2.61001e-07
2.58432e-07
2.53365e-07
2.42082e-07
3.06214e-09
3.0614e-09
2.41983e-07
2.53226e-07
2.58262e-07
2.60809e-07
2.62067e-07
2.62644e-07
2.6286e-07
2.6286e-07
2.62644e-07
2.62067e-07
2.60809e-07
2.58262e-07
2.53226e-07
2.41983e-07
3.0614e-09
3.05835e-09
2.41669e-07
2.52823e-07
2.57788e-07
2.60284e-07
2.6151e-07
2.62067e-07
2.62274e-07
2.62274e-07
2.62067e-07
2.6151e-07
2.60284e-07
2.57788e-07
2.52823e-07
2.41669e-07
3.05835e-09
3.04958e-09
2.40882e-07
2.51871e-07
2.56709e-07
2.59116e-07
2.60284e-07
2.60809e-07
2.61001e-07
2.61001e-07
2.60809e-07
2.60284e-07
2.59116e-07
2.56709e-07
2.51871e-07
2.40882e-07
3.04958e-09
3.0286e-09
2.39118e-07
2.49823e-07
2.54446e-07
2.56709e-07
2.57788e-07
2.58262e-07
2.58432e-07
2.58432e-07
2.58262e-07
2.57788e-07
2.56709e-07
2.54446e-07
2.49823e-07
2.39118e-07
3.0286e-09
2.98234e-09
2.35335e-07
2.45543e-07
2.49823e-07
2.51871e-07
2.52823e-07
2.53226e-07
2.53365e-07
2.53365e-07
2.53226e-07
2.52823e-07
2.51871e-07
2.49823e-07
2.45543e-07
2.35335e-07
2.98234e-09
2.86775e-09
2.25993e-07
2.35335e-07
2.39118e-07
2.40882e-07
2.41669e-07
2.41983e-07
2.42082e-07
2.42082e-07
2.41983e-07
2.41669e-07
2.40882e-07
2.39118e-07
2.35335e-07
2.25993e-07
2.86775e-09
2.54698e-09
2.86775e-09
2.98234e-09
3.0286e-09
3.04958e-09
3.05835e-09
3.0614e-09
3.06214e-09
3.06214e-09
3.0614e-09
3.05835e-09
3.04958e-09
3.0286e-09
2.98234e-09
2.86775e-09
2.54698e-09
2.27396e-09
2.56035e-09
2.66265e-09
2.70395e-09
2.72269e-09
2.73051e-09
2.73324e-09
2.7339e-09
2.7339e-09
2.73324e-09
2.73051e-09
2.72269e-09
2.70395e-09
2.66265e-09
2.56035e-09
2.27396e-09
2.56035e-09
1.81301e-07
1.88796e-07
1.91831e-07
1.93246e-07
1.93877e-07
1.94129e-07
1.94209e-07
1.94209e-07
1.94129e-07
1.93877e-07
1.93246e-07
1.91831e-07
1.88796e-07
1.81301e-07
2.56035e-09
2.66265e-09
1.88796e-07
1.96985e-07
2.00419e-07
2.02062e-07
2.02825e-07
2.03149e-07
2.0326e-07
2.0326e-07
2.03149e-07
2.02825e-07
2.02062e-07
2.00419e-07
1.96985e-07
1.88796e-07
2.66265e-09
2.70395e-09
1.91831e-07
2.00419e-07
2.04127e-07
2.05943e-07
2.06809e-07
2.07189e-07
2.07326e-07
2.07326e-07
2.07189e-07
2.06809e-07
2.05943e-07
2.04127e-07
2.00419e-07
1.91831e-07
2.70395e-09
2.72269e-09
1.93246e-07
2.02062e-07
2.05943e-07
2.07874e-07
2.08811e-07
2.09232e-07
2.09386e-07
2.09386e-07
2.09232e-07
2.08811e-07
2.07874e-07
2.05943e-07
2.02062e-07
1.93246e-07
2.72269e-09
2.73051e-09
1.93877e-07
2.02825e-07
2.06809e-07
2.08811e-07
2.09794e-07
2.10241e-07
2.10408e-07
2.10408e-07
2.10241e-07
2.09794e-07
2.08811e-07
2.06809e-07
2.02825e-07
1.93877e-07
2.73051e-09
2.73324e-09
1.94129e-07
2.03149e-07
2.07189e-07
2.09232e-07
2.10241e-07
2.10704e-07
2.10877e-07
2.10877e-07
2.10704e-07
2.10241e-07
2.09232e-07
2.07189e-07
2.03149e-07
1.94129e-07
2.73324e-09
2.7339e-09
1.94209e-07
2.0326e-07
2.07326e-07
2.09386e-07
2.10408e-07
2.10877e-07
2.11054e-07
2.11054e-07
2.10877e-07
2.10408e-07
2.09386e-07
2.07326e-07
2.0326e-07
1.94209e-07
2.7339e-09
2.7339e-09
1.94209e-07
2.0326e-07
2.07326e-07
2.09386e-07
2.10408e-07
2.10877e-07
2.11054e-07
2.11054e-07
2.10877e-07
2.10408e-07
2.09386e-07
2.07326e-07
2.0326e-07
1.94209e-07
2.7339e-09
2.73324e-09
1.94129e-07
2.03149e-07
2.07189e-07
2.09232e-07
2.10241e-07
2.10704e-07
2.10877e-07
2.10877e-07
2.10704e-07
2.10241e-07
2.09232e-07
2.07189e-07
2.03149e-07
1.94129e-07
2.73324e-09
2.73051e-09
1.93877e-07
2.02825e-07
2.06809e-07
2.08811e-07
2.09794e-07
2.10241e-07
2.10408e-07
2.10408e-07
2.10241e-07
2.09794e-07
2.08811e-07
2.06809e-07
2.02825e-07
1.93877e-07
2.73051e-09
2.72269e-09
1.93246e-07
2.02062e-07
2.05943e-07
2.07874e-07
2.08811e-07
2.09232e-07
2.09386e-07
2.09386e-07
2.09232e-07
2.08811e-07
2.07874e-07
2.05943e-07
2.02062e-07
1.93246e-07
2.72269e-09
2.70395e-09
1.91831e-07
2.00419e-07
2.04127e-07
2.05943e-07
2.06809e-07
2.07189e-07
2.07326e-07
2.07326e-07
2.07189e-07
2.06809e-07
2.05943e-07
2.04127e-07
2.00419e-07
1.91831e-07
2.70395e-09
2.66265e-09
1.88796e-07
1.96985e-07
2.00419e-07
2.02062e-07
2.02825e-07
2.03149e-07
2.0326e-07
2.0326e-07
2.03149e-07
2.02825e-07
2.02062e-07
2.00419e-07
1.96985e-07
1.88796e-07
2.66265e-09
2.56035e-09
1.81301e-07
1.88796e-07
1.91831e-07
1.93246e-07
1.93877e-07
1.94129e-07
1.94209e-07
1.94209e-07
1.94129e-07
1.93877e-07
1.93246e-07
1.91831e-07
1.88796e-07
1.81301e-07
2.56035e-09
2.27396e-09
2.56035e-09
2.66265e-09
2.70395e-09
2.72269e-09
2.73051e-09
2.73324e-09
2.7339e-09
2.7339e-09
2.73324e-09
2.73051e-09
2.72269e-09
2.70395e-09
2.66265e-09
2.56035e-09
2.27396e-09
1.41179e-09
1.58959e-09
1.6531e-09
1.67875e-09
1.69037e-09
1.69523e-09
1.69692e-09
1.69734e-09
1.69734e-09
1.69692e-09
1.69523e-09
1.69037e-09
1.67875e-09
1.6531e-09
1.58959e-09
1.41179e-09
1.58959e-09
1.52766e-07
1.59081e-07
1.61638e-07
1.6283e-07
1.63362e-07
1.63575e-07
1.63642e-07
1.63642e-07
1.63575e-07
1.63362e-07
1.6283e-07
1.61638e-07
1.59081e-07
1.52766e-07
1.58959e-09
1.6531e-09
1.59081e-07
1.65981e-07
1.68874e-07
1.70259e-07
1.70902e-07
1.71175e-07
1.71268e-07
1.71268e-07
1.71175e-07
1.70902e-07
1.70259e-07
1.68874e-07
1.65981e-07
1.59081e-07
1.6531e-09
1.67875e-09
1.61638e-07
1.68874e-07
1.71999e-07
1.73529e-07
1.74258e-07
1.74579e-07
1.74694e-07
1.74694e-07
1.74579e-07
1.74258e-07
1.73529e-07
1.71999e-07
1.68874e-07
1.61638e-07
1.67875e-09
1.69037e-09
1.6283e-07
1.70259e-07
1.73529e-07
1.75156e-07
1.75946e-07
1.763e-07
1.7643e-07
1.7643e-07
1.763e-07
1.75946e-07
1.75156e-07
1.73529e-07
1.70259e-07
1.6283e-07
1.69037e-09
1.69523e-09
1.63362e-07
1.70902e-07
1.74258e-07
1.75946e-07
1.76774e-07
1.77151e-07
1.77291e-07
1.77291e-07
1.77151e-07
1.76774e-07
1.75946e-07
1.74258e-07
1.70902e-07
1.63362e-07
1.69523e-09
1.69692e-09
1.63575e-07
1.71175e-07
1.74579e-07
1.763e-07
1.77151e-07
1.77541e-07
1.77687e-07
1.77687e-07
1.77541e-07
1.77151e-07
1.763e-07
1.74579e-07
1.71175e-07
1.63575e-07
1.69692e-09
1.69734e-09
1.63642e-07
1.71268e-07
1.74694e-07
1.7643e-07
1.77291e-07
1.77687e-07
1.77835e-07
1.77835e-07
1.77687e-07
1.77291e-07
1.7643e-07
1.74694e-07
1.71268e-07
1.63642e-07
1.69734e-09
1.69734e-09
1.63642e-07
1.71268e-07
1.74694e-07
1.7643e-07
1.77291e-07
1.77687e-07
1.77835e-07
1.77835e-07
1.77687e-07
1.77291e-07
1.7643e-07
1.74694e-07
1.71268e-07
1.63642e-07
1.69734e-09
1.69692e-09
1.63575e-07
1.71175e-07
1.74579e-07
1.763e-07
1.77151e-07
1.77541e-07
1.77687e-07
1.77687e-07
1.77541e-07
1.77151e-07
1.763e-07
1.74579e-07
1.71175e-07
1.63575e-07
1.69692e-09
1.69523e-09
1.63362e-07
1.70902e-07
1.74258e-07
1.75946e-07
1.76774e-07
1.77151e-07
1.77291e-07
1.77291e-07
1.77151e-07
1.76774e-07
1.75946e-07
1.74258e-07
1.70902e-07
1.63362e-07
1.69523e-09
1.69037e-09
1.6283e-07
1.70259e-07
1.73529e-07
1.75156e-07
1.75946e-07
1.763e-07
1.7643e-07
1.7643e-07
1.763e-07
1.75946e-07
1.75156e-07
1.73529e-07
1.70259e-07
1.6283e-07
1.69037e-09
1.67875e-09
1.61638e-07
1.68874e-07
1.71999e-07
1.73529e-07
1.74258e-07
1.74579e-07
1.74694e-07
1.74694e-07
1.74579e-07
1.74258e-07
1.73529e-07
1.71999e-07
1.68874e-07
1.61638e-07
1.67875e-09
1.6531e-09
1.59081e-07
1.65981e-07
1.68874e-07
1.70259e-07
1.70902e-07
1.71175e-07
1.71268e-07
1.71268e-07
1.71175e-07
1.70902e-07
1.70259e-07
1.68874e-07
1.65981e-07
1.59081e-07
1.6531e-09
1.58959e-09
1.52766e-07
1.59081e-07
1.61638e-07
1.6283e-07
1.63362e-07
1.63575e-07
1.63642e-07
1.63642e-07
1.63575e-07
1.63362e-07
1.6283e-07
1.61638e-07
1.59081e-07
1.52766e-07
1.58959e-09
1.41179e-09
1.58959e-09
1.6531e-09
1.67875e-09
1.69037e-09
1.69523e-09
1.69692e-09
1.69734e-09
1.69734e-09
1.69692e-09
1.69523e-09
1.69037e-09
1.67875e-09
1.6531e-09
1.58959e-09
1.41179e-09
1.53671e-09
1.73024e-09
1.79938e-09
1.82729e-09
1.83995e-09
1.84524e-09
1.84708e-09
1.84753e-09
1.84753e-09
1.84708e-09
1.84524e-09
1.83995e-09
1.82729e-09
1.79938e-09
1.73024e-09
1.53671e-09
1.73024e-09
1.25721e-07
1.30918e-07
1.33023e-07
1.34004e-07
1.34442e-07
1.34617e-07
1.34672e-07
1.34672e-07
1.34617e-07
1.34442e-07
1.34004e-07
1.33023e-07
1.30918e-07
1.25721e-07
1.73024e-09
1.79938e-09
1.30918e-07
1.36597e-07
1.38978e-07
1.40118e-07
1.40647e-07
1.40871e-07
1.40948e-07
1.40948e-07
1.40871e-07
1.40647e-07
1.40118e-07
1.38978e-07
1.36597e-07
1.30918e-07
1.79938e-09
1.82729e-09
1.33023e-07
1.38978e-07
1.4155e-07
1.42809e-07
1.43409e-07
1.43673e-07
1.43767e-07
1.43767e-07
1.43673e-07
1.43409e-07
1.42809e-07
1.4155e-07
1.38978e-07
1.33023e-07
1.82729e-09
1.83995e-09
1.34004e-07
1.40118e-07
1.42809e-07
1.44148e-07
1.44798e-07
1.4509e-07
1.45197e-07
1.45197e-07
1.4509e-07
1.44798e-07
1.44148e-07
1.42809e-07
1.40118e-07
1.34004e-07
1.83995e-09
1.84524e-09
1.34442e-07
1.40647e-07
1.43409e-07
1.44798e-07
1.4548e-07
1.4579e-07
1.45905e-07
1.45905e-07
1.4579e-07
1.4548e-07
1.44798e-07
1.43409e-07
1.40647e-07
1.34442e-07
1.84524e-09
1.84708e-09
1.34617e-07
1.40871e-07
1.43673e-07
1.4509e-07
1.4579e-07
1.46111e-07
1.46231e-07
1.46231e-07
1.46111e-07
1.4579e-07
1.4509e-07
1.43673e-07
1.40871e-07
1.34617e-07
1.84708e-09
1.84753e-09
1.34672e-07
1.40948e-07
1.43767e-07
1.45197e-07
1.45905e-07
1.46231e-07
1.46353e-07
1.46353e-07
1.46231e-07
1.45905e-07
1.45197e-07
1.43767e-07
1.40948e-07
1.34672e-07
1.84753e-09
1.84753e-09
1.34672e-07
1.40948e-07
1.43767e-07
1.45197e-07
1.45905e-07
1.46231e-07
1.46353e-07
1.46353e-07
1.46231e-07
1.45905e-07
1.45197e-07
1.43767e-07
1.40948e-07
1.34672e-07
1.84753e-09
1.84708e-09
1.34617e-07
1.40871e-07
1.43673e-07
1.4509e-07
1.4579e-07
1.46111e-07
1.46231e-07
1.46231e-07
1.46111e-07
1.4579e-07
1.4509e-07
1.43673e-07
1.40871e-07
1.34617e-07
1.84708e-09
1.84524e-09
1.34442e-07
1.40647e-07
1.43409e-07
1.44798e-07
1.4548e-07
1.4579e-07
1.45905e-07
1.45905e-07
1.4579e-07
1.4548e-07
1.44798e-07
1.43409e-07
1.40647e-07
1.34442e-07
1.84524e-09
1.83995e-09
1.34004e-07
1.40118e-07
1.42809e-07
1.44148e-07
1.44798e-07
1.4509e-07
1.45197e-07
1.45197e-07
1.4509e-07
1.44798e-07
1.44148e-07
1.42809e-07
1.40118e-07
1.34004e-07
1.83995e-09
1.82729e-09
1.33023e-07
1.38978e-07
1.4155e-07
1.42809e-07
1.43409e-07
1.43673e-07
1.43767e-07
1.43767e-07
1.43673e-07
1.43409e-07
1.42809e-07
1.4155e-07
1.38978e-07
1.33023e-07
1.82729e-09
1.79938e-09
1.30918e-07
1.36597e-07
1.38978e-07
1.40118e-07
1.40647e-07
1.40871e-07
1.40948e-07
1.40948e-07
1.40871e-07
1.40647e-07
1.40118e-07
1.38978e-07
1.36597e-07
1.30918e-07
1.79938e-09
1.73024e-09
1.25721e-07
1.30918e-07
1.33023e-07
1.34004e-07
1.34442e-07
1.34617e-07
1.34672e-07
1.34672e-07
1.34617e-07
1.34442e-07
1.34004e-07
1.33023e-07
1.30918e-07
1.25721e-07
1.73024e-09
1.53671e-09
1.73024e-09
1.79938e-09
1.82729e-09
1.83995e-09
1.84524e-09
1.84708e-09
1.84753e-09
1.84753e-09
1.84708e-09
1.84524e-09
1.83995e-09
1.82729e-09
1.79938e-09
1.73024e-09
1.53671e-09
7.23704e-10
8.14848e-10
8.47407e-10
8.60552e-10
8.66514e-10
8.69005e-10
8.69871e-10
8.70084e-10
8.70084e-10
8.69871e-10
8.69005e-10
8.66514e-10
8.60552e-10
8.47407e-10
8.14848e-10
7.23704e-10
8.14848e-10
1.00148e-07
1.04288e-07
1.05964e-07
1.06746e-07
1.07095e-07
1.07234e-07
1.07278e-07
1.07278e-07
1.07234e-07
1.07095e-07
1.06746e-07
1.05964e-07
1.04288e-07
1.00148e-07
8.14848e-10
8.47407e-10
1.04288e-07
1.08811e-07
1.10708e-07
1.11616e-07
1.12037e-07
1.12216e-07
1.12278e-07
1.12278e-07
1.12216e-07
1.12037e-07
1.11616e-07
1.10708e-07
1.08811e-07
1.04288e-07
8.47407e-10
8.60552e-10
1.05964e-07
1.10708e-07
1.12757e-07
1.1376e-07
1.14238e-07
1.14448e-07
1.14523e-07
1.14523e-07
1.14448e-07
1.14238e-07
1.1376e-07
1.12757e-07
1.10708e-07
1.05964e-07
8.60552e-10
8.66514e-10
1.06746e-07
1.11616e-07
1.1376e-07
1.14826e-07
1.15344e-07
1.15576e-07
1.15662e-07
1.15662e-07
1.15576e-07
1.15344e-07
1.14826e-07
1.1376e-07
1.11616e-07
1.06746e-07
8.66514e-10
8.69005e-10
1.07095e-07
1.12037e-07
1.14238e-07
1.15344e-07
1.15887e-07
1.16134e-07
1.16226e-07
1.16226e-07
1.16134e-07
1.15887e-07
1.15344e-07
1.14238e-07
1.12037e-07
1.07095e-07
8.69005e-10
8.69871e-10
1.07234e-07
1.12216e-07
1.14448e-07
1.15576e-07
1.16134e-07
1.1639e-07
1.16485e-07
1.16485e-07
1.1639e-07
1.16134e-07
1.15576e-07
1.14448e-07
1.12216e-07
1.07234e-07
8.69871e-10
8.70084e-10
1.07278e-07
1.12278e-07
1.14523e-07
1.15662e-07
1.16226e-07
1.16485e-07
1.16583e-07
1.16583e-07
1.16485e-07
1.16226e-07
1.15662e-07
1.14523e-07
1.12278e-07
1.07278e-07
8.70084e-10
8.70084e-10
1.07278e-07
1.12278e-07
1.14523e-07
1.15662e-07
1.16226e-07
1.16485e-07
1.16583e-07
1.16583e-07
1.16485e-07
1.16226e-07
1.15662e-07
1.14523e-07
1.12278e-07
1.07278e-07
8.70084e-10
8.69871e-10
1.07234e-07
1.12216e-07
1.14448e-07
1.15576e-07
1.16134e-07
1.1639e-07
1.16485e-07
1.16485e-07
1.1639e-07
1.16134e-07
1.15576e-07
1.14448e-07
1.12216e-07
1.07234e-07
8.69871e-10
8.69005e-10
1.07095e-07
1.12037e-07
1.14238e-07
1.15344e-07
1.15887e-07
1.16134e-07
1.16226e-07
1.16226e-07
1.16134e-07
1.15887e-07
1.15344e-07
1.14238e-07
1.12037e-07
1.07095e-07
8.69005e-10
8.66514e-10
1.06746e-07
1.11616e-07
1.1376e-07
1.14826e-07
1.15344e-07
1.15576e-07
1.15662e-07
1.15662e-07
1.15576e-07
1.15344e-07
1.14826e-07
1.1376e-07
1.11616e-07
1.06746e-07
8.66514e-10
8.60552e-10
1.05964e-07
1.10708e-07
1.12757e-07
1.1376e-07
1.14238e-07
1.14448e-07
1.14523e-07
1.14523e-07
1.14448e-07
1.14238e-07
1.1376e-07
1.12757e-07
1.10708e-07
1.05964e-07
8.60552e-10
8.47407e-10
1.04288e-07
1.08811e-07
1.10708e-07
1.11616e-07
1.12037e-07
1.12216e-07
1.12278e-07
1.12278e-07
1.12216e-07
1.12037e-07
1.11616e-07
1.10708e-07
1.08811e-07
1.04288e-07
8.47407e-10
8.14848e-10
1.00148e-07
1.04288e-07
1.05964e-07
1.06746e-07
1.07095e-07
1.07234e-07
1.07278e-07
1.07278e-07
1.07234e-07
1.07095e-07
1.06746e-07
1.05964e-07
1.04288e-07
1.00148e-07
8.14848e-10
7.23704e-10
8.14848e-10
8.47407e-10
8.60552e-10
8.66514e-10
8.69005e-10
8.69871e-10
8.70084e-10
8.70084e-10
8.69871e-10
8.69005e-10
8.66514e-10
8.60552e-10
8.47407e-10
8.14848e-10
7.23704e-10
1.48121e-09
1.66776e-09
1.7344e-09
1.7613e-09
1.7735e-09
1.7786e-09
1.78037e-09
1.78081e-09
1.78081e-09
1.78037e-09
1.7786e-09
1.7735e-09
1.7613e-09
1.7344e-09
1.66776e-09
1.48121e-09
1.66776e-09
9.07435e-08
9.44947e-08
9.60139e-08
9.67219e-08
9.7038e-08
9.71641e-08
9.72039e-08
9.72039e-08
9.71641e-08
9.7038e-08
9.67219e-08
9.60139e-08
9.44947e-08
9.07435e-08
1.66776e-09
1.7344e-09
9.44947e-08
9.85935e-08
1.00312e-07
1.01135e-07
1.01516e-07
1.01678e-07
1.01734e-07
1.01734e-07
1.01678e-07
1.01516e-07
1.01135e-07
1.00312e-07
9.85935e-08
9.44947e-08
1.7344e-09
1.7613e-09
9.60139e-08
1.00312e-07
1.02168e-07
1.03077e-07
1.0351e-07
1.03701e-07
1.03769e-07
1.03769e-07
1.03701e-07
1.0351e-07
1.03077e-07
1.02168e-07
1.00312e-07
9.60139e-08
1.7613e-09
1.7735e-09
9.67219e-08
1.01135e-07
1.03077e-07
1.04043e-07
1.04512e-07
1.04723e-07
1.04801e-07
1.04801e-07
1.04723e-07
1.04512e-07
1.04043e-07
1.03077e-07
1.01135e-07
9.67219e-08
1.7735e-09
1.7786e-09
9.7038e-08
1.01516e-07
1.0351e-07
1.04512e-07
1.05005e-07
1.05229e-07
1.05312e-07
1.05312e-07
1.05229e-07
1.05005e-07
1.04512e-07
1.0351e-07
1.01516e-07
9.7038e-08
1.7786e-09
1.78037e-09
9.71641e-08
1.01678e-07
1.03701e-07
1.04723e-07
1.05229e-07
1.0546e-07
1.05547e-07
1.05547e-07
1.0546e-07
1.05229e-07
1.04723e-07
1.03701e-07
1.01678e-07
9.71641e-08
1.78037e-09
1.78081e-09
9.72039e-08
1.01734e-07
1.03769e-07
1.04801e-07
1.05312e-07
1.05547e-07
1.05635e-07
1.05635e-07
1.05547e-07
1.05312e-07
1.04801e-07
1.03769e-07
1.01734e-07
9.72039e-08
1.78081e-09
1.78081e-09
9.72039e-08
1.01734e-07
1.03769e-07
1.04801e-07
1.05312e-07
1.05547e-07
1.05635e-07
1.05635e-07
1.05547e-07
1.05312e-07
1.04801e-07
1.03769e-07
1.01734e-07
9.72039e-08
1.78081e-09
1.78037e-09
9.71641e-08
1.01678e-07
1.03701e-07
1.04723e-07
1.05229e-07
1.0546e-07
1.05547e-07
1.05547e-07
1.0546e-07
1.05229e-07
1.04723e-07
1.03701e-07
1.01678e-07
9.71641e-08
1.78037e-09
1.7786e-09
9.7038e-08
1.01516e-07
1.0351e-07
1.04512e-07
1.05005e-07
1.05229e-07
1.05312e-07
1.05312e-07
1.05229e-07
1.05005e-07
1.04512e-07
1.0351e-07
1.01516e-07
9.7038e-08
1.7786e-09
1.7735e-09
9.67219e-08
1.01135e-07
1.03077e-07
1.04043e-07
1.04512e-07
1.04723e-07
1.04801e-07
1.04801e-07
1.04723e-07
1.04512e-07
1.04043e-07
1.03077e-07
1.01135e-07
9.67219e-08
1.7735e-09
1.7613e-09
9.60139e-08
1.00312e-07
1.02168e-07
1.03077e-07
1.0351e-07
1.03701e-07
1.03769e-07
1.03769e-07
1.03701e-07
1.0351e-07
1.03077e-07
1.02168e-07
1.00312e-07
9.60139e-08
1.7613e-09
1.7344e-09
9.44947e-08
9.85935e-08
1.00312e-07
1.01135e-07
1.01516e-07
1.01678e-07
1.01734e-07
1.01734e-07
1.01678e-07
1.01516e-07
1.01135e-07
1.00312e-07
9.85935e-08
9.44947e-08
1.7344e-09
1.66776e-09
9.07435e-08
9.44947e-08
9.60139e-08
9.67219e-08
9.7038e-08
9.71641e-08
9.72039e-08
9.72039e-08
9.71641e-08
9.7038e-08
9.67219e-08
9.60139e-08
9.44947e-08
9.07435e-08
1.66776e-09
1.48121e-09
1.66776e-09
1.7344e-09
1.7613e-09
1.7735e-09
1.7786e-09
1.78037e-09
1.78081e-09
1.78081e-09
1.78037e-09
1.7786e-09
1.7735e-09
1.7613e-09
1.7344e-09
1.66776e-09
1.48121e-09
4.95686e-10
5.58113e-10
5.80413e-10
5.89417e-10
5.935e-10
5.95206e-10
5.958e-10
5.95945e-10
5.95945e-10
5.958e-10
5.95206e-10
5.935e-10
5.89417e-10
5.80413e-10
5.58113e-10
4.95686e-10
5.58113e-10
7.69305e-08
8.01107e-08
8.13987e-08
8.19989e-08
8.22668e-08
8.23738e-08
8.24076e-08
8.24076e-08
8.23738e-08
8.22668e-08
8.19989e-08
8.13987e-08
8.01107e-08
7.69305e-08
5.58113e-10
5.80413e-10
8.01107e-08
8.35856e-08
8.50425e-08
8.57398e-08
8.60636e-08
8.6201e-08
8.62482e-08
8.62482e-08
8.6201e-08
8.60636e-08
8.57398e-08
8.50425e-08
8.35856e-08
8.01107e-08
5.80413e-10
5.89417e-10
8.13987e-08
8.50425e-08
8.66162e-08
8.73866e-08
8.7754e-08
8.79154e-08
8.79732e-08
8.79732e-08
8.79154e-08
8.7754e-08
8.73866e-08
8.66162e-08
8.50425e-08
8.13987e-08
5.89417e-10
5.935e-10
8.19989e-08
8.57398e-08
8.73866e-08
8.8206e-08
8.86037e-08
8.87822e-08
8.88477e-08
8.88477e-08
8.87822e-08
8.86037e-08
8.8206e-08
8.73866e-08
8.57398e-08
8.19989e-08
5.935e-10
5.95206e-10
8.22668e-08
8.60636e-08
8.7754e-08
8.86037e-08
8.90208e-08
8.92105e-08
8.9281e-08
8.9281e-08
8.92105e-08
8.90208e-08
8.86037e-08
8.7754e-08
8.60636e-08
8.22668e-08
5.95206e-10
5.958e-10
8.23738e-08
8.6201e-08
8.79154e-08
8.87822e-08
8.92105e-08
8.94068e-08
8.94803e-08
8.94803e-08
8.94068e-08
8.92105e-08
8.87822e-08
8.79154e-08
8.6201e-08
8.23738e-08
5.958e-10
5.95945e-10
8.24076e-08
8.62482e-08
8.79732e-08
8.88477e-08
8.9281e-08
8.94803e-08
8.95551e-08
8.95551e-08
8.94803e-08
8.9281e-08
8.88477e-08
8.79732e-08
8.62482e-08
8.24076e-08
5.95945e-10
5.95945e-10
8.24076e-08
8.62482e-08
8.79732e-08
8.88477e-08
8.9281e-08
8.94803e-08
8.95551e-08
8.95551e-08
8.94803e-08
8.9281e-08
8.88477e-08
8.79732e-08
8.62482e-08
8.24076e-08
5.95945e-10
5.958e-10
8.23738e-08
8.6201e-08
8.79154e-08
8.87822e-08
8.92105e-08
8.94068e-08
8.94803e-08
8.94803e-08
8.94068e-08
8.92105e-08
8.87822e-08
8.79154e-08
8.6201e-08
8.23738e-08
5.958e-10
5.95206e-10
8.22668e-08
8.60636e-08
8.7754e-08
8.86037e-08
8.90208e-08
8.92105e-08
8.9281e-08
8.9281e-08
8.92105e-08
8.90208e-08
8.86037e-08
8.7754e-08
8.60636e-08
8.22668e-08
5.95206e-10
5.935e-10
8.19989e-08
8.57398e-08
8.73866e-08
8.8206e-08
8.86037e-08
8.87822e-08
8.88477e-08
8.88477e-08
8.87822e-08
8.86037e-08
8.8206e-08
8.73866e-08
8.57398e-08
8.19989e-08
5.935e-10
5.89417e-10
8.13987e-08
8.50425e-08
8.66162e-08
8.73866e-08
8.7754e-08
8.79154e-08
8.79732e-08
8.79732e-08
8.79154e-08
8.7754e-08
8.73866e-08
8.66162e-08
8.50425e-08
8.13987e-08
5.89417e-10
5.80413e-10
8.01107e-08
8.35856e-08
8.50425e-08
8.57398e-08
8.60636e-08
8.6201e-08
8.62482e-08
8.62482e-08
8.6201e-08
8.60636e-08
8.57398e-08
8.50425e-08
8.35856e-08
8.01107e-08
5.80413e-10
5.58113e-10
7.69305e-08
8.01107e-08
8.13987e-08
8.19989e-08
8.22668e-08
8.23738e-08
8.24076e-08
8.24076e-08
8.23738e-08
8.22668e-08
8.19989e-08
8.13987e-08
8.01107e-08
7.69305e-08
5.58113e-10
4.95686e-10
5.58113e-10
5.80413e-10
5.89417e-10
5.935e-10
5.95206e-10
5.958e-10
5.95945e-10
5.95945e-10
5.958e-10
5.95206e-10
5.935e-10
5.89417e-10
5.80413e-10
5.58113e-10
4.95686e-10
8.01814e-10
9.02795e-10
9.38868e-10
9.53432e-10
9.60037e-10
9.62797e-10
9.63757e-10
9.63993e-10
9.63993e-10
9.63757e-10
9.62797e-10
9.60037e-10
9.53432e-10
9.38868e-10
9.02795e-10
8.01814e-10
9.02795e-10
6.97793e-08
7.26638e-08
7.38321e-08
7.43765e-08
7.46196e-08
7.47165e-08
7.47472e-08
7.47472e-08
7.47165e-08
7.46196e-08
7.43765e-08
7.38321e-08
7.26638e-08
6.97793e-08
9.02795e-10
9.38868e-10
7.26638e-08
7.58157e-08
7.71372e-08
7.77697e-08
7.80633e-08
7.8188e-08
7.82308e-08
7.82308e-08
7.8188e-08
7.80633e-08
7.77697e-08
7.71372e-08
7.58157e-08
7.26638e-08
9.38868e-10
9.53432e-10
7.38321e-08
7.71372e-08
7.85646e-08
7.92634e-08
7.95966e-08
7.9743e-08
7.97955e-08
7.97955e-08
7.9743e-08
7.95966e-08
7.92634e-08
7.85646e-08
7.71372e-08
7.38321e-08
9.53432e-10
9.60037e-10
7.43765e-08
7.77697e-08
7.92634e-08
8.00066e-08
8.03673e-08
8.05292e-08
8.05886e-08
8.05886e-08
8.05292e-08
8.03673e-08
8.00066e-08
7.92634e-08
7.77697e-08
7.43765e-08
9.60037e-10
9.62797e-10
7.46196e-08
7.80633e-08
7.95966e-08
8.03673e-08
8.07456e-08
8.09177e-08
8.09817e-08
8.09817e-08
8.09177e-08
8.07456e-08
8.03673e-08
7.95966e-08
7.80633e-08
7.46196e-08
9.62797e-10
9.63757e-10
7.47165e-08
7.8188e-08
7.9743e-08
8.05292e-08
8.09177e-08
8.10958e-08
8.11626e-08
8.11626e-08
8.10958e-08
8.09177e-08
8.05292e-08
7.9743e-08
7.8188e-08
7.47165e-08
9.63757e-10
9.63993e-10
7.47472e-08
7.82308e-08
7.97955e-08
8.05886e-08
8.09817e-08
8.11626e-08
8.12304e-08
8.12304e-08
8.11626e-08
8.09817e-08
8.05886e-08
7.97955e-08
7.82308e-08
7.47472e-08
9.63993e-10
9.63993e-10
7.47472e-08
7.82308e-08
7.97955e-08
8.05886e-08
8.09817e-08
8.11626e-08
8.12304e-08
8.12304e-08
8.11626e-08
8.09817e-08
8.05886e-08
7.97955e-08
7.82308e-08
7.47472e-08
9.63993e-10
9.63757e-10
7.47165e-08
7.8188e-08
7.9743e-08
8.05292e-08
8.09177e-08
8.10958e-08
8.11626e-08
8.11626e-08
8.10958e-08
8.09177e-08
8.05292e-08
7.9743e-08
7.8188e-08
7.47165e-08
9.63757e-10
9.62797e-10
7.46196e-08
7.80633e-08
7.95966e-08
8.03673e-08
8.07456e-08
8.09177e-08
8.09817e-08
8.09817e-08
8.09177e-08
8.07456e-08
8.03673e-08
7.95966e-08
7.80633e-08
7.46196e-08
9.62797e-10
9.60037e-10
7.43765e-08
7.77697e-08
7.92634e-08
8.00066e-08
8.03673e-08
8.05292e-08
8.05886e-08
8.05886e-08
8.05292e-08
8.03673e-08
8.00066e-08
7.92634e-08
7.77697e-08
7.43765e-08
9.60037e-10
9.53432e-10
7.38321e-08
7.71372e-08
7.85646e-08
7.92634e-08
7.95966e-08
7.9743e-08
7.97955e-08
7.97955e-08
7.9743e-08
7.95966e-08
7.92634e-08
7.85646e-08
7.71372e-08
7.38321e-08
9.53432e-10
9.38868e-10
7.26638e-08
7.58157e-08
7.71372e-08
7.77697e-08
7.80633e-08
7.8188e-08
7.82308e-08
7.82308e-08
7.8188e-08
7.80633e-08
7.77697e-08
7.71372e-08
7.58157e-08
7.26638e-08
9.38868e-10
9.02795e-10
6.97793e-08
7.26638e-08
7.38321e-08
7.43765e-08
7.46196e-08
7.47165e-08
7.47472e-08
7.47472e-08
7.47165e-08
7.46196e-08
7.43765e-08
7.38321e-08
7.26638e-08
6.97793e-08
9.02795e-10
8.01814e-10
9.02795e-10
9.38868e-10
9.53432e-10
9.60037e-10
9.62797e-10
9.63757e-10
9.63993e-10
9.63993e-10
9.63757e-10
9.62797e-10
9.60037e-10
9.53432e-10
9.38868e-10
9.02795e-10
8.01814e-10
9.80801e-10
1.10432e-09
1.14845e-09
1.16626e-09
1.17434e-09
1.17772e-09
1.17889e-09
1.17918e-09
1.17918e-09
1.17889e-09
1.17772e-09
1.17434e-09
1.16626e-09
1.14845e-09
1.10432e-09
9.80801e-10
1.10432e-09
5.78183e-08
6.02084e-08
6.11765e-08
6.16276e-08
6.1829e-08
6.19093e-08
6.19347e-08
6.19347e-08
6.19093e-08
6.1829e-08
6.16276e-08
6.11765e-08
6.02084e-08
5.78183e-08
1.10432e-09
1.14845e-09
6.02084e-08
6.28201e-08
6.39151e-08
6.44391e-08
6.46825e-08
6.47858e-08
6.48213e-08
6.48213e-08
6.47858e-08
6.46825e-08
6.44391e-08
6.39151e-08
6.28201e-08
6.02084e-08
1.14845e-09
1.16626e-09
6.11765e-08
6.39151e-08
6.50978e-08
6.56768e-08
6.59529e-08
6.60743e-08
6.61177e-08
6.61177e-08
6.60743e-08
6.59529e-08
6.56768e-08
6.50978e-08
6.39151e-08
6.11765e-08
1.16626e-09
1.17434e-09
6.16276e-08
6.44391e-08
6.56768e-08
6.62926e-08
6.65915e-08
6.67257e-08
6.67749e-08
6.67749e-08
6.67257e-08
6.65915e-08
6.62926e-08
6.56768e-08
6.44391e-08
6.16276e-08
1.17434e-09
1.17772e-09
6.1829e-08
6.46825e-08
6.59529e-08
6.65915e-08
6.6905e-08
6.70476e-08
6.71006e-08
6.71006e-08
6.70476e-08
6.6905e-08
6.65915e-08
6.59529e-08
6.46825e-08
6.1829e-08
1.17772e-09
1.17889e-09
6.19093e-08
6.47858e-08
6.60743e-08
6.67257e-08
6.70476e-08
6.71952e-08
6.72504e-08
6.72504e-08
6.71952e-08
6.70476e-08
6.67257e-08
6.60743e-08
6.47858e-08
6.19093e-08
1.17889e-09
1.17918e-09
6.19347e-08
6.48213e-08
6.61177e-08
6.67749e-08
6.71006e-08
6.72504e-08
6.73067e-08
6.73067e-08
6.72504e-08
6.71006e-08
6.67749e-08
6.61177e-08
6.48213e-08
6.19347e-08
1.17918e-09
1.17918e-09
6.19347e-08
6.48213e-08
6.61177e-08
6.67749e-08
6.71006e-08
6.72504e-08
6.73067e-08
6.73067e-08
6.72504e-08
6.71006e-08
6.67749e-08
6.61177e-08
6.48213e-08
6.19347e-08
1.17918e-09
1.17889e-09
6.19093e-08
6.47858e-08
6.60743e-08
6.67257e-08
6.70476e-08
6.71952e-08
6.72504e-08
6.72504e-08
6.71952e-08
6.70476e-08
6.67257e-08
6.60743e-08
6.47858e-08
6.19093e-08
1.17889e-09
1.17772e-09
6.1829e-08
6.46825e-08
6.59529e-08
6.65915e-08
6.6905e-08
6.70476e-08
6.71006e-08
6.71006e-08
6.70476e-08
6.6905e-08
6.65915e-08
6.59529e-08
6.46825e-08
6.1829e-08
1.17772e-09
1.17434e-09
6.16276e-08
6.44391e-08
6.56768e-08
6.62926e-08
6.65915e-08
6.67257e-08
6.67749e-08
6.67749e-08
6.67257e-08
6.65915e-08
6.62926e-08
6.56768e-08
6.44391e-08
6.16276e-08
1.17434e-09
1.16626e-09
6.11765e-08
6.39151e-08
6.50978e-08
6.56768e-08
6.59529e-08
6.60743e-08
6.61177e-08
6.61177e-08
6.60743e-08
6.59529e-08
6.56768e-08
6.50978e-08
6.39151e-08
6.11765e-08
1.16626e-09
1.14845e-09
6.02084e-08
6.28201e-08
6.39151e-08
6.44391e-08
6.46825e-08
6.47858e-08
6.48213e-08
6.48213e-08
6.47858e-08
6.46825e-08
6.44391e-08
6.39151e-08
6.28201e-08
6.02084e-08
1.14845e-09
1.10432e-09
5.78183e-08
6.02084e-08
6.11765e-08
6.16276e-08
6.1829e-08
6.19093e-08
6.19347e-08
6.19347e-08
6.19093e-08
6.1829e-08
6.16276e-08
6.11765e-08
6.02084e-08
5.78183e-08
1.10432e-09
9.80801e-10
1.10432e-09
1.14845e-09
1.16626e-09
1.17434e-09
1.17772e-09
1.17889e-09
1.17918e-09
1.17918e-09
1.17889e-09
1.17772e-09
1.17434e-09
1.16626e-09
1.14845e-09
1.10432e-09
9.80801e-10
6.08126e-10
6.84714e-10
7.12073e-10
7.23119e-10
7.28129e-10
7.30222e-10
7.3095e-10
7.31129e-10
7.31129e-10
7.3095e-10
7.30222e-10
7.28129e-10
7.23119e-10
7.12073e-10
6.84714e-10
6.08126e-10
6.84714e-10
3.72163e-08
3.87549e-08
3.93775e-08
3.96679e-08
3.97975e-08
3.98492e-08
3.98656e-08
3.98656e-08
3.98492e-08
3.97975e-08
3.96679e-08
3.93775e-08
3.87549e-08
3.72163e-08
6.84714e-10
7.12073e-10
3.87549e-08
4.04355e-08
4.11403e-08
4.14776e-08
4.16342e-08
4.17007e-08
4.17235e-08
4.17235e-08
4.17007e-08
4.16342e-08
4.14776e-08
4.11403e-08
4.04355e-08
3.87549e-08
7.12073e-10
7.23119e-10
3.93775e-08
4.11403e-08
4.19016e-08
4.22743e-08
4.2452e-08
4.25301e-08
4.2558e-08
4.2558e-08
4.25301e-08
4.2452e-08
4.22743e-08
4.19016e-08
4.11403e-08
3.93775e-08
7.23119e-10
7.28129e-10
3.96679e-08
4.14776e-08
4.22743e-08
4.26706e-08
4.2863e-08
4.29494e-08
4.29811e-08
4.29811e-08
4.29494e-08
4.2863e-08
4.26706e-08
4.22743e-08
4.14776e-08
3.96679e-08
7.28129e-10
7.30222e-10
3.97975e-08
4.16342e-08
4.2452e-08
4.2863e-08
4.30648e-08
4.31566e-08
4.31907e-08
4.31907e-08
4.31566e-08
4.30648e-08
4.2863e-08
4.2452e-08
4.16342e-08
3.97975e-08
7.30222e-10
7.3095e-10
3.98492e-08
4.17007e-08
4.25301e-08
4.29494e-08
4.31566e-08
4.32516e-08
4.32871e-08
4.32871e-08
4.32516e-08
4.31566e-08
4.29494e-08
4.25301e-08
4.17007e-08
3.98492e-08
7.3095e-10
7.31129e-10
3.98656e-08
4.17235e-08
4.2558e-08
4.29811e-08
4.31907e-08
4.32871e-08
4.33233e-08
4.33233e-08
4.32871e-08
4.31907e-08
4.29811e-08
4.2558e-08
4.17235e-08
3.98656e-08
7.31129e-10
7.31129e-10
3.98656e-08
4.17235e-08
4.2558e-08
4.29811e-08
4.31907e-08
4.32871e-08
4.33233e-08
4.33233e-08
4.32871e-08
4.31907e-08
4.29811e-08
4.2558e-08
4.17235e-08
3.98656e-08
7.31129e-10
7.3095e-10
3.98492e-08
4.17007e-08
4.25301e-08
4.29494e-08
4.31566e-08
4.32516e-08
4.32871e-08
4.32871e-08
4.32516e-08
4.31566e-08
4.29494e-08
4.25301e-08
4.17007e-08
3.98492e-08
7.3095e-10
7.30222e-10
3.97975e-08
4.16342e-08
4.2452e-08
4.2863e-08
4.30648e-08
4.31566e-08
4.31907e-08
4.31907e-08
4.31566e-08
4.30648e-08
4.2863e-08
4.2452e-08
4.16342e-08
3.97975e-08
7.30222e-10
7.28129e-10
3.96679e-08
4.14776e-08
4.22743e-08
4.26706e-08
4.2863e-08
4.29494e-08
4.29811e-08
4.29811e-08
4.29494e-08
4.2863e-08
4.26706e-08
4.22743e-08
4.14776e-08
3.96679e-08
7.28129e-10
7.23119e-10
3.93775e-08
4.11403e-08
4.19016e-08
4.22743e-08
4.2452e-08
4.25301e-08
4.2558e-08
4.2558e-08
4.25301e-08
4.2452e-08
4.22743e-08
4.19016e-08
4.11403e-08
3.93775e-08
7.23119e-10
7.12073e-10
3.87549e-08
4.04355e-08
4.11403e-08
4.14776e-08
4.16342e-08
4.17007e-08
4.17235e-08
4.17235e-08
4.17007e-08
4.16342e-08
4.14776e-08
4.11403e-08
4.04355e-08
3.87549e-08
7.12073e-10
6.84714e-10
3.72163e-08
3.87549e-08
3.93775e-08
3.96679e-08
3.97975e-08
3.98492e-08
3.98656e-08
3.98656e-08
3.98492e-08
3.97975e-08
3.96679e-08
3.93775e-08
3.87549e-08
3.72163e-08
6.84714e-10
6.08126e-10
6.84714e-10
7.12073e-10
7.23119e-10
7.28129e-10
7.30222e-10
7.3095e-10
7.31129e-10
7.31129e-10
7.3095e-10
7.30222e-10
7.28129e-10
7.23119e-10
7.12073e-10
6.84714e-10
6.08126e-10
4.67167e-10
5.26002e-10
5.4702e-10
5.55505e-10
5.59353e-10
5.60962e-10
5.61521e-10
5.61658e-10
5.61658e-10
5.61521e-10
5.60962e-10
5.59353e-10
5.55505e-10
5.4702e-10
5.26002e-10
4.67167e-10
5.26002e-10
2.92162e-08
3.0424e-08
3.09131e-08
3.11411e-08
3.12428e-08
3.12835e-08
3.12963e-08
3.12963e-08
3.12835e-08
3.12428e-08
3.11411e-08
3.09131e-08
3.0424e-08
2.92162e-08
5.26002e-10
5.4702e-10
3.0424e-08
3.17437e-08
3.2297e-08
3.25618e-08
3.26847e-08
3.27369e-08
3.27549e-08
3.27549e-08
3.27369e-08
3.26847e-08
3.25618e-08
3.2297e-08
3.17437e-08
3.0424e-08
5.4702e-10
5.55505e-10
3.09131e-08
3.2297e-08
3.28946e-08
3.31872e-08
3.33267e-08
3.3388e-08
3.341e-08
3.341e-08
3.3388e-08
3.33267e-08
3.31872e-08
3.28946e-08
3.2297e-08
3.09131e-08
5.55505e-10
5.59353e-10
3.11411e-08
3.25618e-08
3.31872e-08
3.34984e-08
3.36494e-08
3.37172e-08
3.37421e-08
3.37421e-08
3.37172e-08
3.36494e-08
3.34984e-08
3.31872e-08
3.25618e-08
3.11411e-08
5.59353e-10
5.60962e-10
3.12428e-08
3.26847e-08
3.33267e-08
3.36494e-08
3.38078e-08
3.38799e-08
3.39066e-08
3.39066e-08
3.38799e-08
3.38078e-08
3.36494e-08
3.33267e-08
3.26847e-08
3.12428e-08
5.60962e-10
5.61521e-10
3.12835e-08
3.27369e-08
3.3388e-08
3.37172e-08
3.38799e-08
3.39544e-08
3.39823e-08
3.39823e-08
3.39544e-08
3.38799e-08
3.37172e-08
3.3388e-08
3.27369e-08
3.12835e-08
5.61521e-10
5.61658e-10
3.12963e-08
3.27549e-08
3.341e-08
3.37421e-08
3.39066e-08
3.39823e-08
3.40107e-08
3.40107e-08
3.39823e-08
3.39066e-08
3.37421e-08
3.341e-08
3.27549e-08
3.12963e-08
5.61658e-10
5.61658e-10
3.12963e-08
3.27549e-08
3.341e-08
3.37421e-08
3.39066e-08
3.39823e-08
3.40107e-08
3.40107e-08
3.39823e-08
3.39066e-08
3.37421e-08
3.341e-08
3.27549e-08
3.12963e-08
5.61658e-10
5.61521e-10
3.12835e-08
3.27369e-08
3.3388e-08
3.37172e-08
3.38799e-08
3.39544e-08
3.39823e-08
3.39823e-08
3.39544e-08
3.38799e-08
3.37172e-08
3.3388e-08
3.27369e-08
3.12835e-08
5.61521e-10
5.60962e-10
3.12428e-08
3.26847e-08
3.33267e-08
3.36494e-08
3.38078e-08
3.38799e-08
3.39066e-08
3.39066e-08
3.38799e-08
3.38078e-08
3.36494e-08
3.33267e-08
3.26847e-08
3.12428e-08
5.60962e-10
5.59353e-10
3.11411e-08
3.25618e-08
3.31872e-08
3.34984e-08
3.36494e-08
3.37172e-08
3.37421e-08
3.37421e-08
3.37172e-08
3.36494e-08
3.34984e-08
3.31872e-08
3.25618e-08
3.11411e-08
5.59353e-10
5.55505e-10
3.09131e-08
3.2297e-08
3.28946e-08
3.31872e-08
3.33267e-08
3.3388e-08
3.341e-08
3.341e-08
3.3388e-08
3.33267e-08
3.31872e-08
3.28946e-08
3.2297e-08
3.09131e-08
5.55505e-10
5.4702e-10
3.0424e-08
3.17437e-08
3.2297e-08
3.25618e-08
3.26847e-08
3.27369e-08
3.27549e-08
3.27549e-08
3.27369e-08
3.26847e-08
3.25618e-08
3.2297e-08
3.17437e-08
3.0424e-08
5.4702e-10
5.26002e-10
2.92162e-08
3.0424e-08
3.09131e-08
3.11411e-08
3.12428e-08
3.12835e-08
3.12963e-08
3.12963e-08
3.12835e-08
3.12428e-08
3.11411e-08
3.09131e-08
3.0424e-08
2.92162e-08
5.26002e-10
4.67167e-10
5.26002e-10
5.4702e-10
5.55505e-10
5.59353e-10
5.60962e-10
5.61521e-10
5.61658e-10
5.61658e-10
5.61521e-10
5.60962e-10
5.59353e-10
5.55505e-10
5.4702e-10
5.26002e-10
4.67167e-10
2.72648e-10
3.06985e-10
3.19251e-10
3.24204e-10
3.26449e-10
3.27388e-10
3.27714e-10
3.27795e-10
3.27795e-10
3.27714e-10
3.27388e-10
3.26449e-10
3.24204e-10
3.19251e-10
3.06985e-10
2.72648e-10
3.06985e-10
1.51625e-08
1.57893e-08
1.60431e-08
1.61614e-08
1.62143e-08
1.62353e-08
1.6242e-08
1.6242e-08
1.62353e-08
1.62143e-08
1.61614e-08
1.60431e-08
1.57893e-08
1.51625e-08
3.06985e-10
3.19251e-10
1.57893e-08
1.64742e-08
1.67613e-08
1.68988e-08
1.69626e-08
1.69896e-08
1.69989e-08
1.69989e-08
1.69896e-08
1.69626e-08
1.68988e-08
1.67613e-08
1.64742e-08
1.57893e-08
3.19251e-10
3.24204e-10
1.60431e-08
1.67613e-08
1.70715e-08
1.72233e-08
1.72957e-08
1.73275e-08
1.73389e-08
1.73389e-08
1.73275e-08
1.72957e-08
1.72233e-08
1.70715e-08
1.67613e-08
1.60431e-08
3.24204e-10
3.26449e-10
1.61614e-08
1.68988e-08
1.72233e-08
1.73848e-08
1.74632e-08
1.74984e-08
1.75113e-08
1.75113e-08
1.74984e-08
1.74632e-08
1.73848e-08
1.72233e-08
1.68988e-08
1.61614e-08
3.26449e-10
3.27388e-10
1.62143e-08
1.69626e-08
1.72957e-08
1.74632e-08
1.75454e-08
1.75828e-08
1.75967e-08
1.75967e-08
1.75828e-08
1.75454e-08
1.74632e-08
1.72957e-08
1.69626e-08
1.62143e-08
3.27388e-10
3.27714e-10
1.62353e-08
1.69896e-08
1.73275e-08
1.74984e-08
1.75828e-08
1.76215e-08
1.7636e-08
1.7636e-08
1.76215e-08
1.75828e-08
1.74984e-08
1.73275e-08
1.69896e-08
1.62353e-08
3.27714e-10
3.27795e-10
1.6242e-08
1.69989e-08
1.73389e-08
1.75113e-08
1.75967e-08
1.7636e-08
1.76507e-08
1.76507e-08
1.7636e-08
1.75967e-08
1.75113e-08
1.73389e-08
1.69989e-08
1.6242e-08
3.27795e-10
3.27795e-10
1.6242e-08
1.69989e-08
1.73389e-08
1.75113e-08
1.75967e-08
1.7636e-08
1.76507e-08
1.76507e-08
1.7636e-08
1.75967e-08
1.75113e-08
1.73389e-08
1.69989e-08
1.6242e-08
3.27795e-10
3.27714e-10
1.62353e-08
1.69896e-08
1.73275e-08
1.74984e-08
1.75828e-08
1.76215e-08
1.7636e-08
1.7636e-08
1.76215e-08
1.75828e-08
1.74984e-08
1.73275e-08
1.69896e-08
1.62353e-08
3.27714e-10
3.27388e-10
1.62143e-08
1.69626e-08
1.72957e-08
1.74632e-08
1.75454e-08
1.75828e-08
1.75967e-08
1.75967e-08
1.75828e-08
1.75454e-08
1.74632e-08
1.72957e-08
1.69626e-08
1.62143e-08
3.27388e-10
3.26449e-10
1.61614e-08
1.68988e-08
1.72233e-08
1.73848e-08
1.74632e-08
1.74984e-08
1.75113e-08
1.75113e-08
1.74984e-08
1.74632e-08
1.73848e-08
1.72233e-08
1.68988e-08
1.61614e-08
3.26449e-10
3.24204e-10
1.60431e-08
1.67613e-08
1.70715e-08
1.72233e-08
1.72957e-08
1.73275e-08
1.73389e-08
1.73389e-08
1.73275e-08
1.72957e-08
1.72233e-08
1.70715e-08
1.67613e-08
1.60431e-08
3.24204e-10
3.19251e-10
1.57893e-08
1.64742e-08
1.67613e-08
1.68988e-08
1.69626e-08
1.69896e-08
1.69989e-08
1.69989e-08
1.69896e-08
1.69626e-08
1.68988e-08
1.67613e-08
1.64742e-08
1.57893e-08
3.19251e-10
3.06985e-10
1.51625e-08
1.57893e-08
1.60431e-08
1.61614e-08
1.62143e-08
1.62353e-08
1.6242e-08
1.6242e-08
1.62353e-08
1.62143e-08
1.61614e-08
1.60431e-08
1.57893e-08
1.51625e-08
3.06985e-10
2.72648e-10
3.06985e-10
3.19251e-10
3.24204e-10
3.26449e-10
3.27388e-10
3.27714e-10
3.27795e-10
3.27795e-10
3.27714e-10
3.27388e-10
3.26449e-10
3.24204e-10
3.19251e-10
3.06985e-10
2.72648e-10
1.7923e-11
2.01803e-11
2.09866e-11
2.13122e-11
2.14598e-11
2.15215e-11
2.1543e-11
2.15482e-11
2.15482e-11
2.1543e-11
2.15215e-11
2.14598e-11
2.13122e-11
2.09866e-11
2.01803e-11
1.7923e-11
2.01803e-11
3.90996e-11
4.58721e-11
5.02345e-11
5.30294e-11
5.4824e-11
5.58875e-11
5.63809e-11
5.63809e-11
5.58875e-11
5.4824e-11
5.30294e-11
5.02345e-11
4.58721e-11
3.90996e-11
2.01803e-11
2.09866e-11
4.58721e-11
5.44749e-11
5.9908e-11
6.33336e-11
6.55142e-11
6.68003e-11
6.73957e-11
6.73957e-11
6.68003e-11
6.55142e-11
6.33336e-11
5.9908e-11
5.44749e-11
4.58721e-11
2.09866e-11
2.13122e-11
5.02345e-11
5.9908e-11
6.60906e-11
7.00173e-11
7.2524e-11
7.40055e-11
7.46923e-11
7.46923e-11
7.40055e-11
7.2524e-11
7.00173e-11
6.60906e-11
5.9908e-11
5.02345e-11
2.13122e-11
2.14598e-11
5.30294e-11
6.33336e-11
7.00173e-11
7.43122e-11
7.70716e-11
7.87093e-11
7.94705e-11
7.94705e-11
7.87093e-11
7.70716e-11
7.43122e-11
7.00173e-11
6.33336e-11
5.30294e-11
2.14598e-11
2.15215e-11
5.4824e-11
6.55142e-11
7.2524e-11
7.70716e-11
8.00108e-11
8.17625e-11
8.25788e-11
8.25788e-11
8.17625e-11
8.00108e-11
7.70716e-11
7.2524e-11
6.55142e-11
5.4824e-11
2.15215e-11
2.1543e-11
5.58875e-11
6.68003e-11
7.40055e-11
7.87093e-11
8.17625e-11
8.35878e-11
8.44398e-11
8.44398e-11
8.35878e-11
8.17625e-11
7.87093e-11
7.40055e-11
6.68003e-11
5.58875e-11
2.1543e-11
2.15482e-11
5.63809e-11
6.73957e-11
7.46923e-11
7.94705e-11
8.25788e-11
8.44398e-11
8.53094e-11
8.53094e-11
8.44398e-11
8.25788e-11
7.94705e-11
7.46923e-11
6.73957e-11
5.63809e-11
2.15482e-11
2.15482e-11
5.63809e-11
6.73957e-11
7.46923e-11
7.94705e-11
8.25788e-11
8.44398e-11
8.53094e-11
8.53094e-11
8.44398e-11
8.25788e-11
7.94705e-11
7.46923e-11
6.73957e-11
5.63809e-11
2.15482e-11
2.1543e-11
5.58875e-11
6.68003e-11
7.40055e-11
7.87093e-11
8.17625e-11
8.35878e-11
8.44398e-11
8.44398e-11
8.35878e-11
8.17625e-11
7.87093e-11
7.40055e-11
6.68003e-11
5.58875e-11
2.1543e-11
2.15215e-11
5.4824e-11
6.55142e-11
7.2524e-11
7.70716e-11
8.00108e-11
8.17625e-11
8.25788e-11
8.25788e-11
8.17625e-11
8.00108e-11
7.70716e-11
7.2524e-11
6.55142e-11
5.4824e-11
2.15215e-11
2.14598e-11
5.30294e-11
6.33336e-11
7.00173e-11
7.43122e-11
7.70716e-11
7.87093e-11
7.94705e-11
7.94705e-11
7.87093e-11
7.70716e-11
7.43122e-11
7.00173e-11
6.33336e-11
5.30294e-11
2.14598e-11
2.13122e-11
5.02345e-11
5.9908e-11
6.60906e-11
7.00173e-11
7.2524e-11
7.40055e-11
7.46923e-11
7.46923e-11
7.40055e-11
7.2524e-11
7.00173e-11
6.60906e-11
5.9908e-11
5.02345e-11
2.13122e-11
2.09866e-11
4.58721e-11
5.44749e-11
5.9908e-11
6.33336e-11
6.55142e-11
6.68003e-11
6.73957e-11
6.73957e-11
6.68003e-11
6.55142e-11
6.33336e-11
5.9908e-11
5.44749e-11
4.58721e-11
2.09866e-11
2.01803e-11
3.90996e-11
4.58721e-11
5.02345e-11
5.30294e-11
5.4824e-11
5.58875e-11
5.63809e-11
5.63809e-11
5.58875e-11
5.4824e-11
5.30294e-11
5.02345e-11
4.58721e-11
3.90996e-11
2.01803e-11
1.7923e-11
2.01803e-11
2.09866e-11
2.13122e-11
2.14598e-11
2.15215e-11
2.1543e-11
2.15482e-11
2.15482e-11
2.1543e-11
2.15215e-11
2.14598e-11
2.13122e-11
2.09866e-11
2.01803e-11
1.7923e-11
