5.973e-10
6.72524e-10
6.99397e-10
7.10246e-10
7.15166e-10
7.17222e-10
7.17937e-10
7.18113e-10
7.18113e-10
7.17937e-10
7.17222e-10
7.15166e-10
7.10246e-10
6.99397e-10
6.72524e-10
5.973e-10
6.72524e-10
1.10443e-07
1.15009e-07
1.16858e-07
1.1772e-07
1.18104e-07
1.18258e-07
1.18306e-07
1.18306e-07
1.18258e-07
1.18104e-07
1.1772e-07
1.16858e-07
1.15009e-07
1.10443e-07
6.72524e-10
6.99397e-10
1.15009e-07
1.19997e-07
1.22089e-07
1.2309e-07
1.23555e-07
1.23752e-07
1.2382e-07
1.2382e-07
1.23752e-07
1.23555e-07
1.2309e-07
1.22089e-07
1.19997e-07
1.15009e-07
6.99397e-10
7.10246e-10
1.16858e-07
1.22089e-07
1.24348e-07
1.25454e-07
1.25982e-07
1.26213e-07
1.26296e-07
1.26296e-07
1.26213e-07
1.25982e-07
1.25454e-07
1.24348e-07
1.22089e-07
1.16858e-07
7.10246e-10
7.15166e-10
1.1772e-07
1.2309e-07
1.25454e-07
1.26631e-07
1.27202e-07
1.27458e-07
1.27552e-07
1.27552e-07
1.27458e-07
1.27202e-07
1.26631e-07
1.25454e-07
1.2309e-07
1.1772e-07
7.15166e-10
7.17222e-10
1.18104e-07
1.23555e-07
1.25982e-07
1.27202e-07
1.278e-07
1.28073e-07
1.28174e-07
1.28174e-07
1.28073e-07
1.278e-07
1.27202e-07
1.25982e-07
1.23555e-07
1.18104e-07
7.17222e-10
7.17937e-10
1.18258e-07
1.23752e-07
1.26213e-07
1.27458e-07
1.28073e-07
1.28355e-07
1.2846e-07
1.2846e-07
1.28355e-07
1.28073e-07
1.27458e-07
1.26213e-07
1.23752e-07
1.18258e-07
7.17937e-10
7.18113e-10
1.18306e-07
1.2382e-07
1.26296e-07
1.27552e-07
1.28174e-07
1.2846e-07
1.28568e-07
1.28568e-07
1.2846e-07
1.28174e-07
1.27552e-07
1.26296e-07
1.2382e-07
1.18306e-07
7.18113e-10
7.18113e-10
1.18306e-07
1.2382e-07
1.26296e-07
1.27552e-07
1.28174e-07
1.2846e-07
1.28568e-07
1.28568e-07
1.2846e-07
1.28174e-07
1.27552e-07
1.26296e-07
1.2382e-07
1.18306e-07
7.18113e-10
7.17937e-10
1.18258e-07
1.23752e-07
1.26213e-07
1.27458e-07
1.28073e-07
1.28355e-07
1.2846e-07
1.2846e-07
1.28355e-07
1.28073e-07
1.27458e-07
1.26213e-07
1.23752e-07
1.18258e-07
7.17937e-10
7.17222e-10
1.18104e-07
1.23555e-07
1.25982e-07
1.27202e-07
1.278e-07
1.28073e-07
1.28174e-07
1.28174e-07
1.28073e-07
1.278e-07
1.27202e-07
1.25982e-07
1.23555e-07
1.18104e-07
7.17222e-10
7.15166e-10
1.1772e-07
1.2309e-07
1.25454e-07
1.26631e-07
1.27202e-07
1.27458e-07
1.27552e-07
1.27552e-07
1.27458e-07
1.27202e-07
1.26631e-07
1.25454e-07
1.2309e-07
1.1772e-07
7.15166e-10
7.10246e-10
1.16858e-07
1.22089e-07
1.24348e-07
1.25454e-07
1.25982e-07
1.26213e-07
1.26296e-07
1.26296e-07
1.26213e-07
1.25982e-07
1.25454e-07
1.24348e-07
1.22089e-07
1.16858e-07
7.10246e-10
6.99397e-10
1.15009e-07
1.19997e-07
1.22089e-07
1.2309e-07
1.23555e-07
1.23752e-07
1.2382e-07
1.2382e-07
1.23752e-07
1.23555e-07
1.2309e-07
1.22089e-07
1.19997e-07
1.15009e-07
6.99397e-10
6.72524e-10
1.10443e-07
1.15009e-07
1.16858e-07
1.1772e-07
1.18104e-07
1.18258e-07
1.18306e-07
1.18306e-07
1.18258e-07
1.18104e-07
1.1772e-07
1.16858e-07
1.15009e-07
1.10443e-07
6.72524e-10
5.973e-10
6.72524e-10
6.99397e-10
7.10246e-10
7.15166e-10
7.17222e-10
7.17937e-10
7.18113e-10
7.18113e-10
7.17937e-10
7.17222e-10
7.15166e-10
7.10246e-10
6.99397e-10
6.72524e-10
5.973e-10
2.94487e-10
3.31575e-10
3.44824e-10
3.50173e-10
3.52599e-10
3.53613e-10
3.53965e-10
3.54052e-10
3.54052e-10
3.53965e-10
3.53613e-10
3.52599e-10
3.50173e-10
3.44824e-10
3.31575e-10
2.94487e-10
3.31575e-10
3.60433e-08
3.75332e-08
3.81367e-08
3.84179e-08
3.85435e-08
3.85936e-08
3.86094e-08
3.86094e-08
3.85936e-08
3.85435e-08
3.84179e-08
3.81367e-08
3.75332e-08
3.60433e-08
3.31575e-10
3.44824e-10
3.75332e-08
3.91613e-08
3.98439e-08
4.01706e-08
4.03223e-08
4.03867e-08
4.04088e-08
4.04088e-08
4.03867e-08
4.03223e-08
4.01706e-08
3.98439e-08
3.91613e-08
3.75332e-08
3.44824e-10
3.50173e-10
3.81367e-08
3.98439e-08
4.05812e-08
4.09422e-08
4.11143e-08
4.11899e-08
4.1217e-08
4.1217e-08
4.11899e-08
4.11143e-08
4.09422e-08
4.05812e-08
3.98439e-08
3.81367e-08
3.50173e-10
3.52599e-10
3.84179e-08
4.01706e-08
4.09422e-08
4.1326e-08
4.15124e-08
4.1596e-08
4.16267e-08
4.16267e-08
4.1596e-08
4.15124e-08
4.1326e-08
4.09422e-08
4.01706e-08
3.84179e-08
3.52599e-10
3.53613e-10
3.85435e-08
4.03223e-08
4.11143e-08
4.15124e-08
4.17078e-08
4.17967e-08
4.18297e-08
4.18297e-08
4.17967e-08
4.17078e-08
4.15124e-08
4.11143e-08
4.03223e-08
3.85435e-08
3.53613e-10
3.53965e-10
3.85936e-08
4.03867e-08
4.11899e-08
4.1596e-08
4.17967e-08
4.18887e-08
4.19231e-08
4.19231e-08
4.18887e-08
4.17967e-08
4.1596e-08
4.11899e-08
4.03867e-08
3.85936e-08
3.53965e-10
3.54052e-10
3.86094e-08
4.04088e-08
4.1217e-08
4.16267e-08
4.18297e-08
4.19231e-08
4.19582e-08
4.19582e-08
4.19231e-08
4.18297e-08
4.16267e-08
4.1217e-08
4.04088e-08
3.86094e-08
3.54052e-10
3.54052e-10
3.86094e-08
4.04088e-08
4.1217e-08
4.16267e-08
4.18297e-08
4.19231e-08
4.19582e-08
4.19582e-08
4.19231e-08
4.18297e-08
4.16267e-08
4.1217e-08
4.04088e-08
3.86094e-08
3.54052e-10
3.53965e-10
3.85936e-08
4.03867e-08
4.11899e-08
4.1596e-08
4.17967e-08
4.18887e-08
4.19231e-08
4.19231e-08
4.18887e-08
4.17967e-08
4.1596e-08
4.11899e-08
4.03867e-08
3.85936e-08
3.53965e-10
3.53613e-10
3.85435e-08
4.03223e-08
4.11143e-08
4.15124e-08
4.17078e-08
4.17967e-08
4.18297e-08
4.18297e-08
4.17967e-08
4.17078e-08
4.15124e-08
4.11143e-08
4.03223e-08
3.85435e-08
3.53613e-10
3.52599e-10
3.84179e-08
4.01706e-08
4.09422e-08
4.1326e-08
4.15124e-08
4.1596e-08
4.16267e-08
4.16267e-08
4.1596e-08
4.15124e-08
4.1326e-08
4.09422e-08
4.01706e-08
3.84179e-08
3.52599e-10
3.50173e-10
3.81367e-08
3.98439e-08
4.05812e-08
4.09422e-08
4.11143e-08
4.11899e-08
4.1217e-08
4.1217e-08
4.11899e-08
4.11143e-08
4.09422e-08
4.05812e-08
3.98439e-08
3.81367e-08
3.50173e-10
3.44824e-10
3.75332e-08
3.91613e-08
3.98439e-08
4.01706e-08
4.03223e-08
4.03867e-08
4.04088e-08
4.04088e-08
4.03867e-08
4.03223e-08
4.01706e-08
3.98439e-08
3.91613e-08
3.75332e-08
3.44824e-10
3.31575e-10
3.60433e-08
3.75332e-08
3.81367e-08
3.84179e-08
3.85435e-08
3.85936e-08
3.86094e-08
3.86094e-08
3.85936e-08
3.85435e-08
3.84179e-08
3.81367e-08
3.75332e-08
3.60433e-08
3.31575e-10
2.94487e-10
3.31575e-10
3.44824e-10
3.50173e-10
3.52599e-10
3.53613e-10
3.53965e-10
3.54052e-10
3.54052e-10
3.53965e-10
3.53613e-10
3.52599e-10
3.50173e-10
3.44824e-10
3.31575e-10
2.94487e-10
1.81786e-10
2.04681e-10
2.12859e-10
2.16161e-10
2.17659e-10
2.18284e-10
2.18502e-10
2.18555e-10
2.18555e-10
2.18502e-10
2.18284e-10
2.17659e-10
2.16161e-10
2.12859e-10
2.04681e-10
1.81786e-10
2.04681e-10
1.64196e-08
1.70984e-08
1.73733e-08
1.75014e-08
1.75586e-08
1.75814e-08
1.75886e-08
1.75886e-08
1.75814e-08
1.75586e-08
1.75014e-08
1.73733e-08
1.70984e-08
1.64196e-08
2.04681e-10
2.12859e-10
1.70984e-08
1.78401e-08
1.8151e-08
1.82999e-08
1.8369e-08
1.83983e-08
1.84084e-08
1.84084e-08
1.83983e-08
1.8369e-08
1.82999e-08
1.8151e-08
1.78401e-08
1.70984e-08
2.12859e-10
2.16161e-10
1.73733e-08
1.8151e-08
1.84869e-08
1.86514e-08
1.87298e-08
1.87642e-08
1.87766e-08
1.87766e-08
1.87642e-08
1.87298e-08
1.86514e-08
1.84869e-08
1.8151e-08
1.73733e-08
2.16161e-10
2.17659e-10
1.75014e-08
1.82999e-08
1.86514e-08
1.88262e-08
1.89111e-08
1.89492e-08
1.89632e-08
1.89632e-08
1.89492e-08
1.89111e-08
1.88262e-08
1.86514e-08
1.82999e-08
1.75014e-08
2.17659e-10
2.18284e-10
1.75586e-08
1.8369e-08
1.87298e-08
1.89111e-08
1.90001e-08
1.90406e-08
1.90557e-08
1.90557e-08
1.90406e-08
1.90001e-08
1.89111e-08
1.87298e-08
1.8369e-08
1.75586e-08
2.18284e-10
2.18502e-10
1.75814e-08
1.83983e-08
1.87642e-08
1.89492e-08
1.90406e-08
1.90825e-08
1.90982e-08
1.90982e-08
1.90825e-08
1.90406e-08
1.89492e-08
1.87642e-08
1.83983e-08
1.75814e-08
2.18502e-10
2.18555e-10
1.75886e-08
1.84084e-08
1.87766e-08
1.89632e-08
1.90557e-08
1.90982e-08
1.91142e-08
1.91142e-08
1.90982e-08
1.90557e-08
1.89632e-08
1.87766e-08
1.84084e-08
1.75886e-08
2.18555e-10
2.18555e-10
1.75886e-08
1.84084e-08
1.87766e-08
1.89632e-08
1.90557e-08
1.90982e-08
1.91142e-08
1.91142e-08
1.90982e-08
1.90557e-08
1.89632e-08
1.87766e-08
1.84084e-08
1.75886e-08
2.18555e-10
2.18502e-10
1.75814e-08
1.83983e-08
1.87642e-08
1.89492e-08
1.90406e-08
1.90825e-08
1.90982e-08
1.90982e-08
1.90825e-08
1.90406e-08
1.89492e-08
1.87642e-08
1.83983e-08
1.75814e-08
2.18502e-10
2.18284e-10
1.75586e-08
1.8369e-08
1.87298e-08
1.89111e-08
1.90001e-08
1.90406e-08
1.90557e-08
1.90557e-08
1.90406e-08
1.90001e-08
1.89111e-08
1.87298e-08
1.8369e-08
1.75586e-08
2.18284e-10
2.17659e-10
1.75014e-08
1.82999e-08
1.86514e-08
1.88262e-08
1.89111e-08
1.89492e-08
1.89632e-08
1.89632e-08
1.89492e-08
1.89111e-08
1.88262e-08
1.86514e-08
1.82999e-08
1.75014e-08
2.17659e-10
2.16161e-10
1.73733e-08
1.8151e-08
1.84869e-08
1.86514e-08
1.87298e-08
1.87642e-08
1.87766e-08
1.87766e-08
1.87642e-08
1.87298e-08
1.86514e-08
1.84869e-08
1.8151e-08
1.73733e-08
2.16161e-10
2.12859e-10
1.70984e-08
1.78401e-08
1.8151e-08
1.82999e-08
1.8369e-08
1.83983e-08
1.84084e-08
1.84084e-08
1.83983e-08
1.8369e-08
1.82999e-08
1.8151e-08
1.78401e-08
1.70984e-08
2.12859e-10
2.04681e-10
1.64196e-08
1.70984e-08
1.73733e-08
1.75014e-08
1.75586e-08
1.75814e-08
1.75886e-08
1.75886e-08
1.75814e-08
1.75586e-08
1.75014e-08
1.73733e-08
1.70984e-08
1.64196e-08
2.04681e-10
1.81786e-10
2.04681e-10
2.12859e-10
2.16161e-10
2.17659e-10
2.18284e-10
2.18502e-10
2.18555e-10
2.18555e-10
2.18502e-10
2.18284e-10
2.17659e-10
2.16161e-10
2.12859e-10
2.04681e-10
1.81786e-10
1.0926e-10
1.23021e-10
1.27936e-10
1.29921e-10
1.30821e-10
1.31197e-10
1.31328e-10
1.3136e-10
1.3136e-10
1.31328e-10
1.31197e-10
1.30821e-10
1.29921e-10
1.27936e-10
1.23021e-10
1.0926e-10
1.23021e-10
9.3111e-09
9.69601e-09
9.8519e-09
9.92454e-09
9.95698e-09
9.96992e-09
9.97401e-09
9.97401e-09
9.96992e-09
9.95698e-09
9.92454e-09
9.8519e-09
9.69601e-09
9.3111e-09
1.23021e-10
1.27936e-10
9.69601e-09
1.01166e-08
1.02929e-08
1.03773e-08
1.04165e-08
1.04331e-08
1.04389e-08
1.04389e-08
1.04331e-08
1.04165e-08
1.03773e-08
1.02929e-08
1.01166e-08
9.69601e-09
1.27936e-10
1.29921e-10
9.8519e-09
1.02929e-08
1.04834e-08
1.05766e-08
1.06211e-08
1.06406e-08
1.06476e-08
1.06476e-08
1.06406e-08
1.06211e-08
1.05766e-08
1.04834e-08
1.02929e-08
9.8519e-09
1.29921e-10
1.30821e-10
9.92454e-09
1.03773e-08
1.05766e-08
1.06758e-08
1.07239e-08
1.07456e-08
1.07535e-08
1.07535e-08
1.07456e-08
1.07239e-08
1.06758e-08
1.05766e-08
1.03773e-08
9.92454e-09
1.30821e-10
1.31197e-10
9.95698e-09
1.04165e-08
1.06211e-08
1.07239e-08
1.07744e-08
1.07974e-08
1.08059e-08
1.08059e-08
1.07974e-08
1.07744e-08
1.07239e-08
1.06211e-08
1.04165e-08
9.95698e-09
1.31197e-10
1.31328e-10
9.96992e-09
1.04331e-08
1.06406e-08
1.07456e-08
1.07974e-08
1.08212e-08
1.083e-08
1.083e-08
1.08212e-08
1.07974e-08
1.07456e-08
1.06406e-08
1.04331e-08
9.96992e-09
1.31328e-10
1.3136e-10
9.97401e-09
1.04389e-08
1.06476e-08
1.07535e-08
1.08059e-08
1.083e-08
1.08391e-08
1.08391e-08
1.083e-08
1.08059e-08
1.07535e-08
1.06476e-08
1.04389e-08
9.97401e-09
1.3136e-10
1.3136e-10
9.97401e-09
1.04389e-08
1.06476e-08
1.07535e-08
1.08059e-08
1.083e-08
1.08391e-08
1.08391e-08
1.083e-08
1.08059e-08
1.07535e-08
1.06476e-08
1.04389e-08
9.97401e-09
1.3136e-10
1.31328e-10
9.96992e-09
1.04331e-08
1.06406e-08
1.07456e-08
1.07974e-08
1.08212e-08
1.083e-08
1.083e-08
1.08212e-08
1.07974e-08
1.07456e-08
1.06406e-08
1.04331e-08
9.96992e-09
1.31328e-10
1.31197e-10
9.95698e-09
1.04165e-08
1.06211e-08
1.07239e-08
1.07744e-08
1.07974e-08
1.08059e-08
1.08059e-08
1.07974e-08
1.07744e-08
1.07239e-08
1.06211e-08
1.04165e-08
9.95698e-09
1.31197e-10
1.30821e-10
9.92454e-09
1.03773e-08
1.05766e-08
1.06758e-08
1.07239e-08
1.07456e-08
1.07535e-08
1.07535e-08
1.07456e-08
1.07239e-08
1.06758e-08
1.05766e-08
1.03773e-08
9.92454e-09
1.30821e-10
1.29921e-10
9.8519e-09
1.02929e-08
1.04834e-08
1.05766e-08
1.06211e-08
1.06406e-08
1.06476e-08
1.06476e-08
1.06406e-08
1.06211e-08
1.05766e-08
1.04834e-08
1.02929e-08
9.8519e-09
1.29921e-10
1.27936e-10
9.69601e-09
1.01166e-08
1.02929e-08
1.03773e-08
1.04165e-08
1.04331e-08
1.04389e-08
1.04389e-08
1.04331e-08
1.04165e-08
1.03773e-08
1.02929e-08
1.01166e-08
9.69601e-09
1.27936e-10
1.23021e-10
9.3111e-09
9.69601e-09
9.8519e-09
9.92454e-09
9.95698e-09
9.96992e-09
9.97401e-09
9.97401e-09
9.96992e-09
9.95698e-09
9.92454e-09
9.8519e-09
9.69601e-09
9.3111e-09
1.23021e-10
1.0926e-10
1.23021e-10
1.27936e-10
1.29921e-10
1.30821e-10
1.31197e-10
1.31328e-10
1.3136e-10
1.3136e-10
1.31328e-10
1.31197e-10
1.30821e-10
1.29921e-10
1.27936e-10
1.23021e-10
1.0926e-10
7.72668e-11
8.69978e-11
9.0474e-11
9.18774e-11
9.25139e-11
9.27799e-11
9.28724e-11
9.28951e-11
9.28951e-11
9.28724e-11
9.27799e-11
9.25139e-11
9.18774e-11
9.0474e-11
8.69978e-11
7.72668e-11
8.69978e-11
5.9011e-09
6.14505e-09
6.24385e-09
6.28989e-09
6.31044e-09
6.31865e-09
6.32124e-09
6.32124e-09
6.31865e-09
6.31044e-09
6.28989e-09
6.24385e-09
6.14505e-09
5.9011e-09
8.69978e-11
9.0474e-11
6.14505e-09
6.4116e-09
6.52336e-09
6.57685e-09
6.60168e-09
6.61222e-09
6.61584e-09
6.61584e-09
6.61222e-09
6.60168e-09
6.57685e-09
6.52336e-09
6.4116e-09
6.14505e-09
9.0474e-11
9.18774e-11
6.24385e-09
6.52336e-09
6.64407e-09
6.70317e-09
6.73134e-09
6.74373e-09
6.74816e-09
6.74816e-09
6.74373e-09
6.73134e-09
6.70317e-09
6.64407e-09
6.52336e-09
6.24385e-09
9.18774e-11
9.25139e-11
6.28989e-09
6.57685e-09
6.70317e-09
6.76602e-09
6.79652e-09
6.81022e-09
6.81524e-09
6.81524e-09
6.81022e-09
6.79652e-09
6.76602e-09
6.70317e-09
6.57685e-09
6.28989e-09
9.25139e-11
9.27799e-11
6.31044e-09
6.60168e-09
6.73134e-09
6.79652e-09
6.82852e-09
6.84307e-09
6.84848e-09
6.84848e-09
6.84307e-09
6.82852e-09
6.79652e-09
6.73134e-09
6.60168e-09
6.31044e-09
9.27799e-11
9.28724e-11
6.31865e-09
6.61222e-09
6.74373e-09
6.81022e-09
6.84307e-09
6.85813e-09
6.86377e-09
6.86377e-09
6.85813e-09
6.84307e-09
6.81022e-09
6.74373e-09
6.61222e-09
6.31865e-09
9.28724e-11
9.28951e-11
6.32124e-09
6.61584e-09
6.74816e-09
6.81524e-09
6.84848e-09
6.86377e-09
6.86951e-09
6.86951e-09
6.86377e-09
6.84848e-09
6.81524e-09
6.74816e-09
6.61584e-09
6.32124e-09
9.28951e-11
9.28951e-11
6.32124e-09
6.61584e-09
6.74816e-09
6.81524e-09
6.84848e-09
6.86377e-09
6.86951e-09
6.86951e-09
6.86377e-09
6.84848e-09
6.81524e-09
6.74816e-09
6.61584e-09
6.32124e-09
9.28951e-11
9.28724e-11
6.31865e-09
6.61222e-09
6.74373e-09
6.81022e-09
6.84307e-09
6.85813e-09
6.86377e-09
6.86377e-09
6.85813e-09
6.84307e-09
6.81022e-09
6.74373e-09
6.61222e-09
6.31865e-09
9.28724e-11
9.27799e-11
6.31044e-09
6.60168e-09
6.73134e-09
6.79652e-09
6.82852e-09
6.84307e-09
6.84848e-09
6.84848e-09
6.84307e-09
6.82852e-09
6.79652e-09
6.73134e-09
6.60168e-09
6.31044e-09
9.27799e-11
9.25139e-11
6.28989e-09
6.57685e-09
6.70317e-09
6.76602e-09
6.79652e-09
6.81022e-09
6.81524e-09
6.81524e-09
6.81022e-09
6.79652e-09
6.76602e-09
6.70317e-09
6.57685e-09
6.28989e-09
9.25139e-11
9.18774e-11
6.24385e-09
6.52336e-09
6.64407e-09
6.70317e-09
6.73134e-09
6.74373e-09
6.74816e-09
6.74816e-09
6.74373e-09
6.73134e-09
6.70317e-09
6.64407e-09
6.52336e-09
6.24385e-09
9.18774e-11
9.0474e-11
6.14505e-09
6.4116e-09
6.52336e-09
6.57685e-09
6.60168e-09
6.61222e-09
6.61584e-09
6.61584e-09
6.61222e-09
6.60168e-09
6.57685e-09
6.52336e-09
6.4116e-09
6.14505e-09
9.0474e-11
8.69978e-11
5.9011e-09
6.14505e-09
6.24385e-09
6.28989e-09
6.31044e-09
6.31865e-09
6.32124e-09
6.32124e-09
6.31865e-09
6.31044e-09
6.28989e-09
6.24385e-09
6.14505e-09
5.9011e-09
8.69978e-11
7.72668e-11
8.69978e-11
9.0474e-11
9.18774e-11
9.25139e-11
9.27799e-11
9.28724e-11
9.28951e-11
9.28951e-11
9.28724e-11
9.27799e-11
9.25139e-11
9.18774e-11
9.0474e-11
8.69978e-11
7.72668e-11
5.28549e-11
5.95115e-11
6.18894e-11
6.28494e-11
6.32848e-11
6.34668e-11
6.35301e-11
6.35456e-11
6.35456e-11
6.35301e-11
6.34668e-11
6.32848e-11
6.28494e-11
6.18894e-11
5.95115e-11
5.28549e-11
5.95115e-11
4.105e-09
4.27469e-09
4.34342e-09
4.37545e-09
4.38975e-09
4.39545e-09
4.39725e-09
4.39725e-09
4.39545e-09
4.38975e-09
4.37545e-09
4.34342e-09
4.27469e-09
4.105e-09
5.95115e-11
6.18894e-11
4.27469e-09
4.46012e-09
4.53786e-09
4.57506e-09
4.59234e-09
4.59967e-09
4.60219e-09
4.60219e-09
4.59967e-09
4.59234e-09
4.57506e-09
4.53786e-09
4.46012e-09
4.27469e-09
6.18894e-11
6.28494e-11
4.34342e-09
4.53786e-09
4.62183e-09
4.66294e-09
4.68254e-09
4.69115e-09
4.69424e-09
4.69424e-09
4.69115e-09
4.68254e-09
4.66294e-09
4.62183e-09
4.53786e-09
4.34342e-09
6.28494e-11
6.32848e-11
4.37545e-09
4.57506e-09
4.66294e-09
4.70666e-09
4.72788e-09
4.73741e-09
4.7409e-09
4.7409e-09
4.73741e-09
4.72788e-09
4.70666e-09
4.66294e-09
4.57506e-09
4.37545e-09
6.32848e-11
6.34668e-11
4.38975e-09
4.59234e-09
4.68254e-09
4.72788e-09
4.75014e-09
4.76026e-09
4.76402e-09
4.76402e-09
4.76026e-09
4.75014e-09
4.72788e-09
4.68254e-09
4.59234e-09
4.38975e-09
6.34668e-11
6.35301e-11
4.39545e-09
4.59967e-09
4.69115e-09
4.73741e-09
4.76026e-09
4.77074e-09
4.77466e-09
4.77466e-09
4.77074e-09
4.76026e-09
4.73741e-09
4.69115e-09
4.59967e-09
4.39545e-09
6.35301e-11
6.35456e-11
4.39725e-09
4.60219e-09
4.69424e-09
4.7409e-09
4.76402e-09
4.77466e-09
4.77865e-09
4.77865e-09
4.77466e-09
4.76402e-09
4.7409e-09
4.69424e-09
4.60219e-09
4.39725e-09
6.35456e-11
6.35456e-11
4.39725e-09
4.60219e-09
4.69424e-09
4.7409e-09
4.76402e-09
4.77466e-09
4.77865e-09
4.77865e-09
4.77466e-09
4.76402e-09
4.7409e-09
4.69424e-09
4.60219e-09
4.39725e-09
6.35456e-11
6.35301e-11
4.39545e-09
4.59967e-09
4.69115e-09
4.73741e-09
4.76026e-09
4.77074e-09
4.77466e-09
4.77466e-09
4.77074e-09
4.76026e-09
4.73741e-09
4.69115e-09
4.59967e-09
4.39545e-09
6.35301e-11
6.34668e-11
4.38975e-09
4.59234e-09
4.68254e-09
4.72788e-09
4.75014e-09
4.76026e-09
4.76402e-09
4.76402e-09
4.76026e-09
4.75014e-09
4.72788e-09
4.68254e-09
4.59234e-09
4.38975e-09
6.34668e-11
6.32848e-11
4.37545e-09
4.57506e-09
4.66294e-09
4.70666e-09
4.72788e-09
4.73741e-09
4.7409e-09
4.7409e-09
4.73741e-09
4.72788e-09
4.70666e-09
4.66294e-09
4.57506e-09
4.37545e-09
6.32848e-11
6.28494e-11
4.34342e-09
4.53786e-09
4.62183e-09
4.66294e-09
4.68254e-09
4.69115e-09
4.69424e-09
4.69424e-09
4.69115e-09
4.68254e-09
4.66294e-09
4.62183e-09
4.53786e-09
4.34342e-09
6.28494e-11
6.18894e-11
4.27469e-09
4.46012e-09
4.53786e-09
4.57506e-09
4.59234e-09
4.59967e-09
4.60219e-09
4.60219e-09
4.59967e-09
4.59234e-09
4.57506e-09
4.53786e-09
4.46012e-09
4.27469e-09
6.18894e-11
5.95115e-11
4.105e-09
4.27469e-09
4.34342e-09
4.37545e-09
4.38975e-09
4.39545e-09
4.39725e-09
4.39725e-09
4.39545e-09
4.38975e-09
4.37545e-09
4.34342e-09
4.27469e-09
4.105e-09
5.95115e-11
5.28549e-11
5.95115e-11
6.18894e-11
6.28494e-11
6.32848e-11
6.34668e-11
6.35301e-11
6.35456e-11
6.35456e-11
6.35301e-11
6.34668e-11
6.32848e-11
6.28494e-11
6.18894e-11
5.95115e-11
5.28549e-11
3.89102e-11
4.38106e-11
4.55611e-11
4.62679e-11
4.65884e-11
4.67223e-11
4.67689e-11
4.67804e-11
4.67804e-11
4.67689e-11
4.67223e-11
4.65884e-11
4.62679e-11
4.55611e-11
4.38106e-11
3.89102e-11
4.38106e-11
2.98003e-09
3.10322e-09
3.15311e-09
3.17636e-09
3.18674e-09
3.19089e-09
3.19219e-09
3.19219e-09
3.19089e-09
3.18674e-09
3.17636e-09
3.15311e-09
3.10322e-09
2.98003e-09
4.38106e-11
4.55611e-11
3.10322e-09
3.23783e-09
3.29427e-09
3.32128e-09
3.33382e-09
3.33914e-09
3.34097e-09
3.34097e-09
3.33914e-09
3.33382e-09
3.32128e-09
3.29427e-09
3.23783e-09
3.10322e-09
4.55611e-11
4.62679e-11
3.15311e-09
3.29427e-09
3.35522e-09
3.38507e-09
3.3993e-09
3.40555e-09
3.40779e-09
3.40779e-09
3.40555e-09
3.3993e-09
3.38507e-09
3.35522e-09
3.29427e-09
3.15311e-09
4.62679e-11
4.65884e-11
3.17636e-09
3.32128e-09
3.38507e-09
3.41681e-09
3.43221e-09
3.43913e-09
3.44166e-09
3.44166e-09
3.43913e-09
3.43221e-09
3.41681e-09
3.38507e-09
3.32128e-09
3.17636e-09
4.65884e-11
4.67223e-11
3.18674e-09
3.33382e-09
3.3993e-09
3.43221e-09
3.44837e-09
3.45572e-09
3.45845e-09
3.45845e-09
3.45572e-09
3.44837e-09
3.43221e-09
3.3993e-09
3.33382e-09
3.18674e-09
4.67223e-11
4.67689e-11
3.19089e-09
3.33914e-09
3.40555e-09
3.43913e-09
3.45572e-09
3.46332e-09
3.46617e-09
3.46617e-09
3.46332e-09
3.45572e-09
3.43913e-09
3.40555e-09
3.33914e-09
3.19089e-09
4.67689e-11
4.67804e-11
3.19219e-09
3.34097e-09
3.40779e-09
3.44166e-09
3.45845e-09
3.46617e-09
3.46907e-09
3.46907e-09
3.46617e-09
3.45845e-09
3.44166e-09
3.40779e-09
3.34097e-09
3.19219e-09
4.67804e-11
4.67804e-11
3.19219e-09
3.34097e-09
3.40779e-09
3.44166e-09
3.45845e-09
3.46617e-09
3.46907e-09
3.46907e-09
3.46617e-09
3.45845e-09
3.44166e-09
3.40779e-09
3.34097e-09
3.19219e-09
4.67804e-11
4.67689e-11
3.19089e-09
3.33914e-09
3.40555e-09
3.43913e-09
3.45572e-09
3.46332e-09
3.46617e-09
3.46617e-09
3.46332e-09
3.45572e-09
3.43913e-09
3.40555e-09
3.33914e-09
3.19089e-09
4.67689e-11
4.67223e-11
3.18674e-09
3.33382e-09
3.3993e-09
3.43221e-09
3.44837e-09
3.45572e-09
3.45845e-09
3.45845e-09
3.45572e-09
3.44837e-09
3.43221e-09
3.3993e-09
3.33382e-09
3.18674e-09
4.67223e-11
4.65884e-11
3.17636e-09
3.32128e-09
3.38507e-09
3.41681e-09
3.43221e-09
3.43913e-09
3.44166e-09
3.44166e-09
3.43913e-09
3.43221e-09
3.41681e-09
3.38507e-09
3.32128e-09
3.17636e-09
4.65884e-11
4.62679e-11
3.15311e-09
3.29427e-09
3.35522e-09
3.38507e-09
3.3993e-09
3.40555e-09
3.40779e-09
3.40779e-09
3.40555e-09
3.3993e-09
3.38507e-09
3.35522e-09
3.29427e-09
3.15311e-09
4.62679e-11
4.55611e-11
3.10322e-09
3.23783e-09
3.29427e-09
3.32128e-09
3.33382e-09
3.33914e-09
3.34097e-09
3.34097e-09
3.33914e-09
3.33382e-09
3.32128e-09
3.29427e-09
3.23783e-09
3.10322e-09
4.55611e-11
4.38106e-11
2.98003e-09
3.10322e-09
3.15311e-09
3.17636e-09
3.18674e-09
3.19089e-09
3.19219e-09
3.19219e-09
3.19089e-09
3.18674e-09
3.17636e-09
3.15311e-09
3.10322e-09
2.98003e-09
4.38106e-11
3.89102e-11
4.38106e-11
4.55611e-11
4.62679e-11
4.65884e-11
4.67223e-11
4.67689e-11
4.67804e-11
4.67804e-11
4.67689e-11
4.67223e-11
4.65884e-11
4.62679e-11
4.55611e-11
4.38106e-11
3.89102e-11
2.54698e-11
2.86775e-11
2.98234e-11
3.0286e-11
3.04958e-11
3.05835e-11
3.0614e-11
3.06214e-11
3.06214e-11
3.0614e-11
3.05835e-11
3.04958e-11
3.0286e-11
2.98234e-11
2.86775e-11
2.54698e-11
2.86775e-11
2.25993e-09
2.35335e-09
2.39119e-09
2.40882e-09
2.41669e-09
2.41983e-09
2.42082e-09
2.42082e-09
2.41983e-09
2.41669e-09
2.40882e-09
2.39119e-09
2.35335e-09
2.25993e-09
2.86775e-11
2.98234e-11
2.35335e-09
2.45543e-09
2.49823e-09
2.51871e-09
2.52822e-09
2.53226e-09
2.53365e-09
2.53365e-09
2.53226e-09
2.52822e-09
2.51871e-09
2.49823e-09
2.45543e-09
2.35335e-09
2.98234e-11
3.0286e-11
2.39119e-09
2.49823e-09
2.54446e-09
2.56709e-09
2.57788e-09
2.58262e-09
2.58432e-09
2.58432e-09
2.58262e-09
2.57788e-09
2.56709e-09
2.54446e-09
2.49823e-09
2.39119e-09
3.0286e-11
3.04958e-11
2.40882e-09
2.51871e-09
2.56709e-09
2.59116e-09
2.60284e-09
2.60809e-09
2.61001e-09
2.61001e-09
2.60809e-09
2.60284e-09
2.59116e-09
2.56709e-09
2.51871e-09
2.40882e-09
3.04958e-11
3.05835e-11
2.41669e-09
2.52822e-09
2.57788e-09
2.60284e-09
2.61509e-09
2.62067e-09
2.62274e-09
2.62274e-09
2.62067e-09
2.61509e-09
2.60284e-09
2.57788e-09
2.52822e-09
2.41669e-09
3.05835e-11
3.0614e-11
2.41983e-09
2.53226e-09
2.58262e-09
2.60809e-09
2.62067e-09
2.62644e-09
2.62859e-09
2.62859e-09
2.62644e-09
2.62067e-09
2.60809e-09
2.58262e-09
2.53226e-09
2.41983e-09
3.0614e-11
3.06214e-11
2.42082e-09
2.53365e-09
2.58432e-09
2.61001e-09
2.62274e-09
2.62859e-09
2.63079e-09
2.63079e-09
2.62859e-09
2.62274e-09
2.61001e-09
2.58432e-09
2.53365e-09
2.42082e-09
3.06214e-11
3.06214e-11
2.42082e-09
2.53365e-09
2.58432e-09
2.61001e-09
2.62274e-09
2.62859e-09
2.63079e-09
2.63079e-09
2.62859e-09
2.62274e-09
2.61001e-09
2.58432e-09
2.53365e-09
2.42082e-09
3.06214e-11
3.0614e-11
2.41983e-09
2.53226e-09
2.58262e-09
2.60809e-09
2.62067e-09
2.62644e-09
2.62859e-09
2.62859e-09
2.62644e-09
2.62067e-09
2.60809e-09
2.58262e-09
2.53226e-09
2.41983e-09
3.0614e-11
3.05835e-11
2.41669e-09
2.52822e-09
2.57788e-09
2.60284e-09
2.61509e-09
2.62067e-09
2.62274e-09
2.62274e-09
2.62067e-09
2.61509e-09
2.60284e-09
2.57788e-09
2.52822e-09
2.41669e-09
3.05835e-11
3.04958e-11
2.40882e-09
2.51871e-09
2.56709e-09
2.59116e-09
2.60284e-09
2.60809e-09
2.61001e-09
2.61001e-09
2.60809e-09
2.60284e-09
2.59116e-09
2.56709e-09
2.51871e-09
2.40882e-09
3.04958e-11
3.0286e-11
2.39119e-09
2.49823e-09
2.54446e-09
2.56709e-09
2.57788e-09
2.58262e-09
2.58432e-09
2.58432e-09
2.58262e-09
2.57788e-09
2.56709e-09
2.54446e-09
2.49823e-09
2.39119e-09
3.0286e-11
2.98234e-11
2.35335e-09
2.45543e-09
2.49823e-09
2.51871e-09
2.52822e-09
2.53226e-09
2.53365e-09
2.53365e-09
2.53226e-09
2.52822e-09
2.51871e-09
2.49823e-09
2.45543e-09
2.35335e-09
2.98234e-11
2.86775e-11
2.25993e-09
2.35335e-09
2.39119e-09
2.40882e-09
2.41669e-09
2.41983e-09
2.42082e-09
2.42082e-09
2.41983e-09
2.41669e-09
2.40882e-09
2.39119e-09
2.35335e-09
2.25993e-09
2.86775e-11
2.54698e-11
2.86775e-11
2.98234e-11
3.0286e-11
3.04958e-11
3.05835e-11
3.0614e-11
3.06214e-11
3.06214e-11
3.0614e-11
3.05835e-11
3.04958e-11
3.0286e-11
2.98234e-11
2.86775e-11
2.54698e-11
2.27396e-11
2.56035e-11
2.66265e-11
2.70395e-11
2.72269e-11
2.73051e-11
2.73324e-11
2.7339e-11
2.7339e-11
2.73324e-11
2.73051e-11
2.72269e-11
2.70395e-11
2.66265e-11
2.56035e-11
2.27396e-11
2.56035e-11
1.81301e-09
1.88796e-09
1.91831e-09
1.93246e-09
1.93877e-09
1.94129e-09
1.94209e-09
1.94209e-09
1.94129e-09
1.93877e-09
1.93246e-09
1.91831e-09
1.88796e-09
1.81301e-09
2.56035e-11
2.66265e-11
1.88796e-09
1.96985e-09
2.00419e-09
2.02062e-09
2.02825e-09
2.03149e-09
2.0326e-09
2.0326e-09
2.03149e-09
2.02825e-09
2.02062e-09
2.00419e-09
1.96985e-09
1.88796e-09
2.66265e-11
2.70395e-11
1.91831e-09
2.00419e-09
2.04127e-09
2.05943e-09
2.06809e-09
2.07189e-09
2.07325e-09
2.07325e-09
2.07189e-09
2.06809e-09
2.05943e-09
2.04127e-09
2.00419e-09
1.91831e-09
2.70395e-11
2.72269e-11
1.93246e-09
2.02062e-09
2.05943e-09
2.07874e-09
2.08811e-09
2.09232e-09
2.09386e-09
2.09386e-09
2.09232e-09
2.08811e-09
2.07874e-09
2.05943e-09
2.02062e-09
1.93246e-09
2.72269e-11
2.73051e-11
1.93877e-09
2.02825e-09
2.06809e-09
2.08811e-09
2.09794e-09
2.10241e-09
2.10407e-09
2.10407e-09
2.10241e-09
2.09794e-09
2.08811e-09
2.06809e-09
2.02825e-09
1.93877e-09
2.73051e-11
2.73324e-11
1.94129e-09
2.03149e-09
2.07189e-09
2.09232e-09
2.10241e-09
2.10704e-09
2.10877e-09
2.10877e-09
2.10704e-09
2.10241e-09
2.09232e-09
2.07189e-09
2.03149e-09
1.94129e-09
2.73324e-11
2.7339e-11
1.94209e-09
2.0326e-09
2.07325e-09
2.09386e-09
2.10407e-09
2.10877e-09
2.11053e-09
2.11053e-09
2.10877e-09
2.10407e-09
2.09386e-09
2.07325e-09
2.0326e-09
1.94209e-09
2.7339e-11
2.7339e-11
1.94209e-09
2.0326e-09
2.07325e-09
2.09386e-09
2.10407e-09
2.10877e-09
2.11053e-09
2.11053e-09
2.10877e-09
2.10407e-09
2.09386e-09
2.07325e-09
2.0326e-09
1.94209e-09
2.7339e-11
2.73324e-11
1.94129e-09
2.03149e-09
2.07189e-09
2.09232e-09
2.10241e-09
2.10704e-09
2.10877e-09
2.10877e-09
2.10704e-09
2.10241e-09
2.09232e-09
2.07189e-09
2.03149e-09
1.94129e-09
2.73324e-11
2.73051e-11
1.93877e-09
2.02825e-09
2.06809e-09
2.08811e-09
2.09794e-09
2.10241e-09
2.10407e-09
2.10407e-09
2.10241e-09
2.09794e-09
2.08811e-09
2.06809e-09
2.02825e-09
1.93877e-09
2.73051e-11
2.72269e-11
1.93246e-09
2.02062e-09
2.05943e-09
2.07874e-09
2.08811e-09
2.09232e-09
2.09386e-09
2.09386e-09
2.09232e-09
2.08811e-09
2.07874e-09
2.05943e-09
2.02062e-09
1.93246e-09
2.72269e-11
2.70395e-11
1.91831e-09
2.00419e-09
2.04127e-09
2.05943e-09
2.06809e-09
2.07189e-09
2.07325e-09
2.07325e-09
2.07189e-09
2.06809e-09
2.05943e-09
2.04127e-09
2.00419e-09
1.91831e-09
2.70395e-11
2.66265e-11
1.88796e-09
1.96985e-09
2.00419e-09
2.02062e-09
2.02825e-09
2.03149e-09
2.0326e-09
2.0326e-09
2.03149e-09
2.02825e-09
2.02062e-09
2.00419e-09
1.96985e-09
1.88796e-09
2.66265e-11
2.56035e-11
1.81301e-09
1.88796e-09
1.91831e-09
1.93246e-09
1.93877e-09
1.94129e-09
1.94209e-09
1.94209e-09
1.94129e-09
1.93877e-09
1.93246e-09
1.91831e-09
1.88796e-09
1.81301e-09
2.56035e-11
2.27396e-11
2.56035e-11
2.66265e-11
2.70395e-11
2.72269e-11
2.73051e-11
2.73324e-11
2.7339e-11
2.7339e-11
2.73324e-11
2.73051e-11
2.72269e-11
2.70395e-11
2.66265e-11
2.56035e-11
2.27396e-11
1.41179e-11
1.58959e-11
1.6531e-11
1.67875e-11
1.69037e-11
1.69523e-11
1.69692e-11
1.69734e-11
1.69734e-11
1.69692e-11
1.69523e-11
1.69037e-11
1.67875e-11
1.6531e-11
1.58959e-11
1.41179e-11
1.58959e-11
1.52766e-09
1.59081e-09
1.61638e-09
1.6283e-09
1.63362e-09
1.63575e-09
1.63642e-09
1.63642e-09
1.63575e-09
1.63362e-09
1.6283e-09
1.61638e-09
1.59081e-09
1.52766e-09
1.58959e-11
1.6531e-11
1.59081e-09
1.65981e-09
1.68874e-09
1.70259e-09
1.70902e-09
1.71175e-09
1.71269e-09
1.71269e-09
1.71175e-09
1.70902e-09
1.70259e-09
1.68874e-09
1.65981e-09
1.59081e-09
1.6531e-11
1.67875e-11
1.61638e-09
1.68874e-09
1.71999e-09
1.73529e-09
1.74259e-09
1.74579e-09
1.74694e-09
1.74694e-09
1.74579e-09
1.74259e-09
1.73529e-09
1.71999e-09
1.68874e-09
1.61638e-09
1.67875e-11
1.69037e-11
1.6283e-09
1.70259e-09
1.73529e-09
1.75156e-09
1.75946e-09
1.763e-09
1.7643e-09
1.7643e-09
1.763e-09
1.75946e-09
1.75156e-09
1.73529e-09
1.70259e-09
1.6283e-09
1.69037e-11
1.69523e-11
1.63362e-09
1.70902e-09
1.74259e-09
1.75946e-09
1.76774e-09
1.77151e-09
1.77291e-09
1.77291e-09
1.77151e-09
1.76774e-09
1.75946e-09
1.74259e-09
1.70902e-09
1.63362e-09
1.69523e-11
1.69692e-11
1.63575e-09
1.71175e-09
1.74579e-09
1.763e-09
1.77151e-09
1.77541e-09
1.77687e-09
1.77687e-09
1.77541e-09
1.77151e-09
1.763e-09
1.74579e-09
1.71175e-09
1.63575e-09
1.69692e-11
1.69734e-11
1.63642e-09
1.71269e-09
1.74694e-09
1.7643e-09
1.77291e-09
1.77687e-09
1.77835e-09
1.77835e-09
1.77687e-09
1.77291e-09
1.7643e-09
1.74694e-09
1.71269e-09
1.63642e-09
1.69734e-11
1.69734e-11
1.63642e-09
1.71269e-09
1.74694e-09
1.7643e-09
1.77291e-09
1.77687e-09
1.77835e-09
1.77835e-09
1.77687e-09
1.77291e-09
1.7643e-09
1.74694e-09
1.71269e-09
1.63642e-09
1.69734e-11
1.69692e-11
1.63575e-09
1.71175e-09
1.74579e-09
1.763e-09
1.77151e-09
1.77541e-09
1.77687e-09
1.77687e-09
1.77541e-09
1.77151e-09
1.763e-09
1.74579e-09
1.71175e-09
1.63575e-09
1.69692e-11
1.69523e-11
1.63362e-09
1.70902e-09
1.74259e-09
1.75946e-09
1.76774e-09
1.77151e-09
1.77291e-09
1.77291e-09
1.77151e-09
1.76774e-09
1.75946e-09
1.74259e-09
1.70902e-09
1.63362e-09
1.69523e-11
1.69037e-11
1.6283e-09
1.70259e-09
1.73529e-09
1.75156e-09
1.75946e-09
1.763e-09
1.7643e-09
1.7643e-09
1.763e-09
1.75946e-09
1.75156e-09
1.73529e-09
1.70259e-09
1.6283e-09
1.69037e-11
1.67875e-11
1.61638e-09
1.68874e-09
1.71999e-09
1.73529e-09
1.74259e-09
1.74579e-09
1.74694e-09
1.74694e-09
1.74579e-09
1.74259e-09
1.73529e-09
1.71999e-09
1.68874e-09
1.61638e-09
1.67875e-11
1.6531e-11
1.59081e-09
1.65981e-09
1.68874e-09
1.70259e-09
1.70902e-09
1.71175e-09
1.71269e-09
1.71269e-09
1.71175e-09
1.70902e-09
1.70259e-09
1.68874e-09
1.65981e-09
1.59081e-09
1.6531e-11
1.58959e-11
1.52766e-09
1.59081e-09
1.61638e-09
1.6283e-09
1.63362e-09
1.63575e-09
1.63642e-09
1.63642e-09
1.63575e-09
1.63362e-09
1.6283e-09
1.61638e-09
1.59081e-09
1.52766e-09
1.58959e-11
1.41179e-11
1.58959e-11
1.6531e-11
1.67875e-11
1.69037e-11
1.69523e-11
1.69692e-11
1.69734e-11
1.69734e-11
1.69692e-11
1.69523e-11
1.69037e-11
1.67875e-11
1.6531e-11
1.58959e-11
1.41179e-11
1.53671e-11
1.73024e-11
1.79938e-11
1.82729e-11
1.83995e-11
1.84524e-11
1.84708e-11
1.84753e-11
1.84753e-11
1.84708e-11
1.84524e-11
1.83995e-11
1.82729e-11
1.79938e-11
1.73024e-11
1.53671e-11
1.73024e-11
1.25721e-09
1.30919e-09
1.33023e-09
1.34004e-09
1.34442e-09
1.34617e-09
1.34672e-09
1.34672e-09
1.34617e-09
1.34442e-09
1.34004e-09
1.33023e-09
1.30919e-09
1.25721e-09
1.73024e-11
1.79938e-11
1.30919e-09
1.36597e-09
1.38978e-09
1.40118e-09
1.40647e-09
1.40872e-09
1.40949e-09
1.40949e-09
1.40872e-09
1.40647e-09
1.40118e-09
1.38978e-09
1.36597e-09
1.30919e-09
1.79938e-11
1.82729e-11
1.33023e-09
1.38978e-09
1.4155e-09
1.42809e-09
1.43409e-09
1.43673e-09
1.43768e-09
1.43768e-09
1.43673e-09
1.43409e-09
1.42809e-09
1.4155e-09
1.38978e-09
1.33023e-09
1.82729e-11
1.83995e-11
1.34004e-09
1.40118e-09
1.42809e-09
1.44148e-09
1.44798e-09
1.4509e-09
1.45197e-09
1.45197e-09
1.4509e-09
1.44798e-09
1.44148e-09
1.42809e-09
1.40118e-09
1.34004e-09
1.83995e-11
1.84524e-11
1.34442e-09
1.40647e-09
1.43409e-09
1.44798e-09
1.4548e-09
1.4579e-09
1.45905e-09
1.45905e-09
1.4579e-09
1.4548e-09
1.44798e-09
1.43409e-09
1.40647e-09
1.34442e-09
1.84524e-11
1.84708e-11
1.34617e-09
1.40872e-09
1.43673e-09
1.4509e-09
1.4579e-09
1.46111e-09
1.46231e-09
1.46231e-09
1.46111e-09
1.4579e-09
1.4509e-09
1.43673e-09
1.40872e-09
1.34617e-09
1.84708e-11
1.84753e-11
1.34672e-09
1.40949e-09
1.43768e-09
1.45197e-09
1.45905e-09
1.46231e-09
1.46353e-09
1.46353e-09
1.46231e-09
1.45905e-09
1.45197e-09
1.43768e-09
1.40949e-09
1.34672e-09
1.84753e-11
1.84753e-11
1.34672e-09
1.40949e-09
1.43768e-09
1.45197e-09
1.45905e-09
1.46231e-09
1.46353e-09
1.46353e-09
1.46231e-09
1.45905e-09
1.45197e-09
1.43768e-09
1.40949e-09
1.34672e-09
1.84753e-11
1.84708e-11
1.34617e-09
1.40872e-09
1.43673e-09
1.4509e-09
1.4579e-09
1.46111e-09
1.46231e-09
1.46231e-09
1.46111e-09
1.4579e-09
1.4509e-09
1.43673e-09
1.40872e-09
1.34617e-09
1.84708e-11
1.84524e-11
1.34442e-09
1.40647e-09
1.43409e-09
1.44798e-09
1.4548e-09
1.4579e-09
1.45905e-09
1.45905e-09
1.4579e-09
1.4548e-09
1.44798e-09
1.43409e-09
1.40647e-09
1.34442e-09
1.84524e-11
1.83995e-11
1.34004e-09
1.40118e-09
1.42809e-09
1.44148e-09
1.44798e-09
1.4509e-09
1.45197e-09
1.45197e-09
1.4509e-09
1.44798e-09
1.44148e-09
1.42809e-09
1.40118e-09
1.34004e-09
1.83995e-11
1.82729e-11
1.33023e-09
1.38978e-09
1.4155e-09
1.42809e-09
1.43409e-09
1.43673e-09
1.43768e-09
1.43768e-09
1.43673e-09
1.43409e-09
1.42809e-09
1.4155e-09
1.38978e-09
1.33023e-09
1.82729e-11
1.79938e-11
1.30919e-09
1.36597e-09
1.38978e-09
1.40118e-09
1.40647e-09
1.40872e-09
1.40949e-09
1.40949e-09
1.40872e-09
1.40647e-09
1.40118e-09
1.38978e-09
1.36597e-09
1.30919e-09
1.79938e-11
1.73024e-11
1.25721e-09
1.30919e-09
1.33023e-09
1.34004e-09
1.34442e-09
1.34617e-09
1.34672e-09
1.34672e-09
1.34617e-09
1.34442e-09
1.34004e-09
1.33023e-09
1.30919e-09
1.25721e-09
1.73024e-11
1.53671e-11
1.73024e-11
1.79938e-11
1.82729e-11
1.83995e-11
1.84524e-11
1.84708e-11
1.84753e-11
1.84753e-11
1.84708e-11
1.84524e-11
1.83995e-11
1.82729e-11
1.79938e-11
1.73024e-11
1.53671e-11
7.23704e-12
8.14848e-12
8.47407e-12
8.60552e-12
8.66514e-12
8.69005e-12
8.69871e-12
8.70084e-12
8.70084e-12
8.69871e-12
8.69005e-12
8.66514e-12
8.60552e-12
8.47407e-12
8.14848e-12
7.23704e-12
8.14848e-12
1.00148e-09
1.04288e-09
1.05964e-09
1.06746e-09
1.07095e-09
1.07234e-09
1.07278e-09
1.07278e-09
1.07234e-09
1.07095e-09
1.06746e-09
1.05964e-09
1.04288e-09
1.00148e-09
8.14848e-12
8.47407e-12
1.04288e-09
1.08811e-09
1.10708e-09
1.11616e-09
1.12037e-09
1.12216e-09
1.12278e-09
1.12278e-09
1.12216e-09
1.12037e-09
1.11616e-09
1.10708e-09
1.08811e-09
1.04288e-09
8.47407e-12
8.60552e-12
1.05964e-09
1.10708e-09
1.12757e-09
1.1376e-09
1.14238e-09
1.14448e-09
1.14523e-09
1.14523e-09
1.14448e-09
1.14238e-09
1.1376e-09
1.12757e-09
1.10708e-09
1.05964e-09
8.60552e-12
8.66514e-12
1.06746e-09
1.11616e-09
1.1376e-09
1.14826e-09
1.15344e-09
1.15576e-09
1.15662e-09
1.15662e-09
1.15576e-09
1.15344e-09
1.14826e-09
1.1376e-09
1.11616e-09
1.06746e-09
8.66514e-12
8.69005e-12
1.07095e-09
1.12037e-09
1.14238e-09
1.15344e-09
1.15887e-09
1.16134e-09
1.16226e-09
1.16226e-09
1.16134e-09
1.15887e-09
1.15344e-09
1.14238e-09
1.12037e-09
1.07095e-09
8.69005e-12
8.69871e-12
1.07234e-09
1.12216e-09
1.14448e-09
1.15576e-09
1.16134e-09
1.16389e-09
1.16485e-09
1.16485e-09
1.16389e-09
1.16134e-09
1.15576e-09
1.14448e-09
1.12216e-09
1.07234e-09
8.69871e-12
8.70084e-12
1.07278e-09
1.12278e-09
1.14523e-09
1.15662e-09
1.16226e-09
1.16485e-09
1.16583e-09
1.16583e-09
1.16485e-09
1.16226e-09
1.15662e-09
1.14523e-09
1.12278e-09
1.07278e-09
8.70084e-12
8.70084e-12
1.07278e-09
1.12278e-09
1.14523e-09
1.15662e-09
1.16226e-09
1.16485e-09
1.16583e-09
1.16583e-09
1.16485e-09
1.16226e-09
1.15662e-09
1.14523e-09
1.12278e-09
1.07278e-09
8.70084e-12
8.69871e-12
1.07234e-09
1.12216e-09
1.14448e-09
1.15576e-09
1.16134e-09
1.16389e-09
1.16485e-09
1.16485e-09
1.16389e-09
1.16134e-09
1.15576e-09
1.14448e-09
1.12216e-09
1.07234e-09
8.69871e-12
8.69005e-12
1.07095e-09
1.12037e-09
1.14238e-09
1.15344e-09
1.15887e-09
1.16134e-09
1.16226e-09
1.16226e-09
1.16134e-09
1.15887e-09
1.15344e-09
1.14238e-09
1.12037e-09
1.07095e-09
8.69005e-12
8.66514e-12
1.06746e-09
1.11616e-09
1.1376e-09
1.14826e-09
1.15344e-09
1.15576e-09
1.15662e-09
1.15662e-09
1.15576e-09
1.15344e-09
1.14826e-09
1.1376e-09
1.11616e-09
1.06746e-09
8.66514e-12
8.60552e-12
1.05964e-09
1.10708e-09
1.12757e-09
1.1376e-09
1.14238e-09
1.14448e-09
1.14523e-09
1.14523e-09
1.14448e-09
1.14238e-09
1.1376e-09
1.12757e-09
1.10708e-09
1.05964e-09
8.60552e-12
8.47407e-12
1.04288e-09
1.08811e-09
1.10708e-09
1.11616e-09
1.12037e-09
1.12216e-09
1.12278e-09
1.12278e-09
1.12216e-09
1.12037e-09
1.11616e-09
1.10708e-09
1.08811e-09
1.04288e-09
8.47407e-12
8.14848e-12
1.00148e-09
1.04288e-09
1.05964e-09
1.06746e-09
1.07095e-09
1.07234e-09
1.07278e-09
1.07278e-09
1.07234e-09
1.07095e-09
1.06746e-09
1.05964e-09
1.04288e-09
1.00148e-09
8.14848e-12
7.23704e-12
8.14848e-12
8.47407e-12
8.60552e-12
8.66514e-12
8.69005e-12
8.69871e-12
8.70084e-12
8.70084e-12
8.69871e-12
8.69005e-12
8.66514e-12
8.60552e-12
8.47407e-12
8.14848e-12
7.23704e-12
1.48121e-11
1.66776e-11
1.7344e-11
1.7613e-11
1.7735e-11
1.7786e-11
1.78037e-11
1.78081e-11
1.78081e-11
1.78037e-11
1.7786e-11
1.7735e-11
1.7613e-11
1.7344e-11
1.66776e-11
1.48121e-11
1.66776e-11
9.07437e-10
9.44949e-10
9.60142e-10
9.67222e-10
9.70383e-10
9.71644e-10
9.72042e-10
9.72042e-10
9.71644e-10
9.70383e-10
9.67222e-10
9.60142e-10
9.44949e-10
9.07437e-10
1.66776e-11
1.7344e-11
9.44949e-10
9.85938e-10
1.00312e-09
1.01135e-09
1.01517e-09
1.01679e-09
1.01735e-09
1.01735e-09
1.01679e-09
1.01517e-09
1.01135e-09
1.00312e-09
9.85938e-10
9.44949e-10
1.7344e-11
1.7613e-11
9.60142e-10
1.00312e-09
1.02169e-09
1.03077e-09
1.03511e-09
1.03701e-09
1.03769e-09
1.03769e-09
1.03701e-09
1.03511e-09
1.03077e-09
1.02169e-09
1.00312e-09
9.60142e-10
1.7613e-11
1.7735e-11
9.67222e-10
1.01135e-09
1.03077e-09
1.04044e-09
1.04513e-09
1.04724e-09
1.04801e-09
1.04801e-09
1.04724e-09
1.04513e-09
1.04044e-09
1.03077e-09
1.01135e-09
9.67222e-10
1.7735e-11
1.7786e-11
9.70383e-10
1.01517e-09
1.03511e-09
1.04513e-09
1.05005e-09
1.05229e-09
1.05312e-09
1.05312e-09
1.05229e-09
1.05005e-09
1.04513e-09
1.03511e-09
1.01517e-09
9.70383e-10
1.7786e-11
1.78037e-11
9.71644e-10
1.01679e-09
1.03701e-09
1.04724e-09
1.05229e-09
1.0546e-09
1.05547e-09
1.05547e-09
1.0546e-09
1.05229e-09
1.04724e-09
1.03701e-09
1.01679e-09
9.71644e-10
1.78037e-11
1.78081e-11
9.72042e-10
1.01735e-09
1.03769e-09
1.04801e-09
1.05312e-09
1.05547e-09
1.05635e-09
1.05635e-09
1.05547e-09
1.05312e-09
1.04801e-09
1.03769e-09
1.01735e-09
9.72042e-10
1.78081e-11
1.78081e-11
9.72042e-10
1.01735e-09
1.03769e-09
1.04801e-09
1.05312e-09
1.05547e-09
1.05635e-09
1.05635e-09
1.05547e-09
1.05312e-09
1.04801e-09
1.03769e-09
1.01735e-09
9.72042e-10
1.78081e-11
1.78037e-11
9.71644e-10
1.01679e-09
1.03701e-09
1.04724e-09
1.05229e-09
1.0546e-09
1.05547e-09
1.05547e-09
1.0546e-09
1.05229e-09
1.04724e-09
1.03701e-09
1.01679e-09
9.71644e-10
1.78037e-11
1.7786e-11
9.70383e-10
1.01517e-09
1.03511e-09
1.04513e-09
1.05005e-09
1.05229e-09
1.05312e-09
1.05312e-09
1.05229e-09
1.05005e-09
1.04513e-09
1.03511e-09
1.01517e-09
9.70383e-10
1.7786e-11
1.7735e-11
9.67222e-10
1.01135e-09
1.03077e-09
1.04044e-09
1.04513e-09
1.04724e-09
1.04801e-09
1.04801e-09
1.04724e-09
1.04513e-09
1.04044e-09
1.03077e-09
1.01135e-09
9.67222e-10
1.7735e-11
1.7613e-11
9.60142e-10
1.00312e-09
1.02169e-09
1.03077e-09
1.03511e-09
1.03701e-09
1.03769e-09
1.03769e-09
1.03701e-09
1.03511e-09
1.03077e-09
1.02169e-09
1.00312e-09
9.60142e-10
1.7613e-11
1.7344e-11
9.44949e-10
9.85938e-10
1.00312e-09
1.01135e-09
1.01517e-09
1.01679e-09
1.01735e-09
1.01735e-09
1.01679e-09
1.01517e-09
1.01135e-09
1.00312e-09
9.85938e-10
9.44949e-10
1.7344e-11
1.66776e-11
9.07437e-10
9.44949e-10
9.60142e-10
9.67222e-10
9.70383e-10
9.71644e-10
9.72042e-10
9.72042e-10
9.71644e-10
9.70383e-10
9.67222e-10
9.60142e-10
9.44949e-10
9.07437e-10
1.66776e-11
1.48121e-11
1.66776e-11
1.7344e-11
1.7613e-11
1.7735e-11
1.7786e-11
1.78037e-11
1.78081e-11
1.78081e-11
1.78037e-11
1.7786e-11
1.7735e-11
1.7613e-11
1.7344e-11
1.66776e-11
1.48121e-11
4.95686e-12
5.58113e-12
5.80413e-12
5.89417e-12
5.935e-12
5.95206e-12
5.958e-12
5.95945e-12
5.95945e-12
5.958e-12
5.95206e-12
5.935e-12
5.89417e-12
5.80413e-12
5.58113e-12
4.95686e-12
5.58113e-12
7.69305e-10
8.01107e-10
8.13987e-10
8.19989e-10
8.22668e-10
8.23738e-10
8.24076e-10
8.24076e-10
8.23738e-10
8.22668e-10
8.19989e-10
8.13987e-10
8.01107e-10
7.69305e-10
5.58113e-12
5.80413e-12
8.01107e-10
8.35856e-10
8.50425e-10
8.57398e-10
8.60636e-10
8.6201e-10
8.62482e-10
8.62482e-10
8.6201e-10
8.60636e-10
8.57398e-10
8.50425e-10
8.35856e-10
8.01107e-10
5.80413e-12
5.89417e-12
8.13987e-10
8.50425e-10
8.66162e-10
8.73866e-10
8.7754e-10
8.79154e-10
8.79732e-10
8.79732e-10
8.79154e-10
8.7754e-10
8.73866e-10
8.66162e-10
8.50425e-10
8.13987e-10
5.89417e-12
5.935e-12
8.19989e-10
8.57398e-10
8.73866e-10
8.8206e-10
8.86036e-10
8.87822e-10
8.88477e-10
8.88477e-10
8.87822e-10
8.86036e-10
8.8206e-10
8.73866e-10
8.57398e-10
8.19989e-10
5.935e-12
5.95206e-12
8.22668e-10
8.60636e-10
8.7754e-10
8.86036e-10
8.90208e-10
8.92105e-10
8.9281e-10
8.9281e-10
8.92105e-10
8.90208e-10
8.86036e-10
8.7754e-10
8.60636e-10
8.22668e-10
5.95206e-12
5.958e-12
8.23738e-10
8.6201e-10
8.79154e-10
8.87822e-10
8.92105e-10
8.94068e-10
8.94803e-10
8.94803e-10
8.94068e-10
8.92105e-10
8.87822e-10
8.79154e-10
8.6201e-10
8.23738e-10
5.958e-12
5.95945e-12
8.24076e-10
8.62482e-10
8.79732e-10
8.88477e-10
8.9281e-10
8.94803e-10
8.95551e-10
8.95551e-10
8.94803e-10
8.9281e-10
8.88477e-10
8.79732e-10
8.62482e-10
8.24076e-10
5.95945e-12
5.95945e-12
8.24076e-10
8.62482e-10
8.79732e-10
8.88477e-10
8.9281e-10
8.94803e-10
8.95551e-10
8.95551e-10
8.94803e-10
8.9281e-10
8.88477e-10
8.79732e-10
8.62482e-10
8.24076e-10
5.95945e-12
5.958e-12
8.23738e-10
8.6201e-10
8.79154e-10
8.87822e-10
8.92105e-10
8.94068e-10
8.94803e-10
8.94803e-10
8.94068e-10
8.92105e-10
8.87822e-10
8.79154e-10
8.6201e-10
8.23738e-10
5.958e-12
5.95206e-12
8.22668e-10
8.60636e-10
8.7754e-10
8.86036e-10
8.90208e-10
8.92105e-10
8.9281e-10
8.9281e-10
8.92105e-10
8.90208e-10
8.86036e-10
8.7754e-10
8.60636e-10
8.22668e-10
5.95206e-12
5.935e-12
8.19989e-10
8.57398e-10
8.73866e-10
8.8206e-10
8.86036e-10
8.87822e-10
8.88477e-10
8.88477e-10
8.87822e-10
8.86036e-10
8.8206e-10
8.73866e-10
8.57398e-10
8.19989e-10
5.935e-12
5.89417e-12
8.13987e-10
8.50425e-10
8.66162e-10
8.73866e-10
8.7754e-10
8.79154e-10
8.79732e-10
8.79732e-10
8.79154e-10
8.7754e-10
8.73866e-10
8.66162e-10
8.50425e-10
8.13987e-10
5.89417e-12
5.80413e-12
8.01107e-10
8.35856e-10
8.50425e-10
8.57398e-10
8.60636e-10
8.6201e-10
8.62482e-10
8.62482e-10
8.6201e-10
8.60636e-10
8.57398e-10
8.50425e-10
8.35856e-10
8.01107e-10
5.80413e-12
5.58113e-12
7.69305e-10
8.01107e-10
8.13987e-10
8.19989e-10
8.22668e-10
8.23738e-10
8.24076e-10
8.24076e-10
8.23738e-10
8.22668e-10
8.19989e-10
8.13987e-10
8.01107e-10
7.69305e-10
5.58113e-12
4.95686e-12
5.58113e-12
5.80413e-12
5.89417e-12
5.935e-12
5.95206e-12
5.958e-12
5.95945e-12
5.95945e-12
5.958e-12
5.95206e-12
5.935e-12
5.89417e-12
5.80413e-12
5.58113e-12
4.95686e-12
8.01814e-12
9.02795e-12
9.38868e-12
9.53432e-12
9.60037e-12
9.62797e-12
9.63757e-12
9.63993e-12
9.63993e-12
9.63757e-12
9.62797e-12
9.60037e-12
9.53432e-12
9.38868e-12
9.02795e-12
8.01814e-12
9.02795e-12
6.97793e-10
7.26639e-10
7.38322e-10
7.43766e-10
7.46197e-10
7.47167e-10
7.47473e-10
7.47473e-10
7.47167e-10
7.46197e-10
7.43766e-10
7.38322e-10
7.26639e-10
6.97793e-10
9.02795e-12
9.38868e-12
7.26639e-10
7.58159e-10
7.71374e-10
7.77698e-10
7.80635e-10
7.81881e-10
7.8231e-10
7.8231e-10
7.81881e-10
7.80635e-10
7.77698e-10
7.71374e-10
7.58159e-10
7.26639e-10
9.38868e-12
9.53432e-12
7.38322e-10
7.71374e-10
7.85648e-10
7.92636e-10
7.95967e-10
7.97432e-10
7.97956e-10
7.97956e-10
7.97432e-10
7.95967e-10
7.92636e-10
7.85648e-10
7.71374e-10
7.38322e-10
9.53432e-12
9.60037e-12
7.43766e-10
7.77698e-10
7.92636e-10
8.00067e-10
8.03674e-10
8.05294e-10
8.05888e-10
8.05888e-10
8.05294e-10
8.03674e-10
8.00067e-10
7.92636e-10
7.77698e-10
7.43766e-10
9.60037e-12
9.62797e-12
7.46197e-10
7.80635e-10
7.95967e-10
8.03674e-10
8.07458e-10
8.09179e-10
8.09819e-10
8.09819e-10
8.09179e-10
8.07458e-10
8.03674e-10
7.95967e-10
7.80635e-10
7.46197e-10
9.62797e-12
9.63757e-12
7.47167e-10
7.81881e-10
7.97432e-10
8.05294e-10
8.09179e-10
8.1096e-10
8.11626e-10
8.11626e-10
8.1096e-10
8.09179e-10
8.05294e-10
7.97432e-10
7.81881e-10
7.47167e-10
9.63757e-12
9.63993e-12
7.47473e-10
7.8231e-10
7.97956e-10
8.05888e-10
8.09819e-10
8.11626e-10
8.12305e-10
8.12305e-10
8.11626e-10
8.09819e-10
8.05888e-10
7.97956e-10
7.8231e-10
7.47473e-10
9.63993e-12
9.63993e-12
7.47473e-10
7.8231e-10
7.97956e-10
8.05888e-10
8.09819e-10
8.11626e-10
8.12305e-10
8.12305e-10
8.11626e-10
8.09819e-10
8.05888e-10
7.97956e-10
7.8231e-10
7.47473e-10
9.63993e-12
9.63757e-12
7.47167e-10
7.81881e-10
7.97432e-10
8.05294e-10
8.09179e-10
8.1096e-10
8.11626e-10
8.11626e-10
8.1096e-10
8.09179e-10
8.05294e-10
7.97432e-10
7.81881e-10
7.47167e-10
9.63757e-12
9.62797e-12
7.46197e-10
7.80635e-10
7.95967e-10
8.03674e-10
8.07458e-10
8.09179e-10
8.09819e-10
8.09819e-10
8.09179e-10
8.07458e-10
8.03674e-10
7.95967e-10
7.80635e-10
7.46197e-10
9.62797e-12
9.60037e-12
7.43766e-10
7.77698e-10
7.92636e-10
8.00067e-10
8.03674e-10
8.05294e-10
8.05888e-10
8.05888e-10
8.05294e-10
8.03674e-10
8.00067e-10
7.92636e-10
7.77698e-10
7.43766e-10
9.60037e-12
9.53432e-12
7.38322e-10
7.71374e-10
7.85648e-10
7.92636e-10
7.95967e-10
7.97432e-10
7.97956e-10
7.97956e-10
7.97432e-10
7.95967e-10
7.92636e-10
7.85648e-10
7.71374e-10
7.38322e-10
9.53432e-12
9.38868e-12
7.26639e-10
7.58159e-10
7.71374e-10
7.77698e-10
7.80635e-10
7.81881e-10
7.8231e-10
7.8231e-10
7.81881e-10
7.80635e-10
7.77698e-10
7.71374e-10
7.58159e-10
7.26639e-10
9.38868e-12
9.02795e-12
6.97793e-10
7.26639e-10
7.38322e-10
7.43766e-10
7.46197e-10
7.47167e-10
7.47473e-10
7.47473e-10
7.47167e-10
7.46197e-10
7.43766e-10
7.38322e-10
7.26639e-10
6.97793e-10
9.02795e-12
8.01814e-12
9.02795e-12
9.38868e-12
9.53432e-12
9.60037e-12
9.62797e-12
9.63757e-12
9.63993e-12
9.63993e-12
9.63757e-12
9.62797e-12
9.60037e-12
9.53432e-12
9.38868e-12
9.02795e-12
8.01814e-12
9.80801e-12
1.10432e-11
1.14845e-11
1.16626e-11
1.17434e-11
1.17772e-11
1.17889e-11
1.17918e-11
1.17918e-11
1.17889e-11
1.17772e-11
1.17434e-11
1.16626e-11
1.14845e-11
1.10432e-11
9.80801e-12
1.10432e-11
5.78182e-10
6.02083e-10
6.11763e-10
6.16274e-10
6.18288e-10
6.19092e-10
6.19346e-10
6.19346e-10
6.19092e-10
6.18288e-10
6.16274e-10
6.11763e-10
6.02083e-10
5.78182e-10
1.10432e-11
1.14845e-11
6.02083e-10
6.282e-10
6.39149e-10
6.4439e-10
6.46823e-10
6.47856e-10
6.48211e-10
6.48211e-10
6.47856e-10
6.46823e-10
6.4439e-10
6.39149e-10
6.282e-10
6.02083e-10
1.14845e-11
1.16626e-11
6.11763e-10
6.39149e-10
6.50977e-10
6.56767e-10
6.59527e-10
6.60741e-10
6.61175e-10
6.61175e-10
6.60741e-10
6.59527e-10
6.56767e-10
6.50977e-10
6.39149e-10
6.11763e-10
1.16626e-11
1.17434e-11
6.16274e-10
6.4439e-10
6.56767e-10
6.62924e-10
6.65913e-10
6.67255e-10
6.67747e-10
6.67747e-10
6.67255e-10
6.65913e-10
6.62924e-10
6.56767e-10
6.4439e-10
6.16274e-10
1.17434e-11
1.17772e-11
6.18288e-10
6.46823e-10
6.59527e-10
6.65913e-10
6.69048e-10
6.70474e-10
6.71004e-10
6.71004e-10
6.70474e-10
6.69048e-10
6.65913e-10
6.59527e-10
6.46823e-10
6.18288e-10
1.17772e-11
1.17889e-11
6.19092e-10
6.47856e-10
6.60741e-10
6.67255e-10
6.70474e-10
6.7195e-10
6.72502e-10
6.72502e-10
6.7195e-10
6.70474e-10
6.67255e-10
6.60741e-10
6.47856e-10
6.19092e-10
1.17889e-11
1.17918e-11
6.19346e-10
6.48211e-10
6.61175e-10
6.67747e-10
6.71004e-10
6.72502e-10
6.73064e-10
6.73064e-10
6.72502e-10
6.71004e-10
6.67747e-10
6.61175e-10
6.48211e-10
6.19346e-10
1.17918e-11
1.17918e-11
6.19346e-10
6.48211e-10
6.61175e-10
6.67747e-10
6.71004e-10
6.72502e-10
6.73064e-10
6.73064e-10
6.72502e-10
6.71004e-10
6.67747e-10
6.61175e-10
6.48211e-10
6.19346e-10
1.17918e-11
1.17889e-11
6.19092e-10
6.47856e-10
6.60741e-10
6.67255e-10
6.70474e-10
6.7195e-10
6.72502e-10
6.72502e-10
6.7195e-10
6.70474e-10
6.67255e-10
6.60741e-10
6.47856e-10
6.19092e-10
1.17889e-11
1.17772e-11
6.18288e-10
6.46823e-10
6.59527e-10
6.65913e-10
6.69048e-10
6.70474e-10
6.71004e-10
6.71004e-10
6.70474e-10
6.69048e-10
6.65913e-10
6.59527e-10
6.46823e-10
6.18288e-10
1.17772e-11
1.17434e-11
6.16274e-10
6.4439e-10
6.56767e-10
6.62924e-10
6.65913e-10
6.67255e-10
6.67747e-10
6.67747e-10
6.67255e-10
6.65913e-10
6.62924e-10
6.56767e-10
6.4439e-10
6.16274e-10
1.17434e-11
1.16626e-11
6.11763e-10
6.39149e-10
6.50977e-10
6.56767e-10
6.59527e-10
6.60741e-10
6.61175e-10
6.61175e-10
6.60741e-10
6.59527e-10
6.56767e-10
6.50977e-10
6.39149e-10
6.11763e-10
1.16626e-11
1.14845e-11
6.02083e-10
6.282e-10
6.39149e-10
6.4439e-10
6.46823e-10
6.47856e-10
6.48211e-10
6.48211e-10
6.47856e-10
6.46823e-10
6.4439e-10
6.39149e-10
6.282e-10
6.02083e-10
1.14845e-11
1.10432e-11
5.78182e-10
6.02083e-10
6.11763e-10
6.16274e-10
6.18288e-10
6.19092e-10
6.19346e-10
6.19346e-10
6.19092e-10
6.18288e-10
6.16274e-10
6.11763e-10
6.02083e-10
5.78182e-10
1.10432e-11
9.80801e-12
1.10432e-11
1.14845e-11
1.16626e-11
1.17434e-11
1.17772e-11
1.17889e-11
1.17918e-11
1.17918e-11
1.17889e-11
1.17772e-11
1.17434e-11
1.16626e-11
1.14845e-11
1.10432e-11
9.80801e-12
6.08126e-12
6.84714e-12
7.12073e-12
7.23119e-12
7.28129e-12
7.30222e-12
7.3095e-12
7.31129e-12
7.31129e-12
7.3095e-12
7.30222e-12
7.28129e-12
7.23119e-12
7.12073e-12
6.84714e-12
6.08126e-12
6.84714e-12
3.72159e-10
3.87544e-10
3.93774e-10
3.96678e-10
3.97974e-10
3.98492e-10
3.98655e-10
3.98655e-10
3.98492e-10
3.97974e-10
3.96678e-10
3.93774e-10
3.87544e-10
3.72159e-10
6.84714e-12
7.12073e-12
3.87544e-10
4.04354e-10
4.11402e-10
4.14775e-10
4.16341e-10
4.17006e-10
4.17234e-10
4.17234e-10
4.17006e-10
4.16341e-10
4.14775e-10
4.11402e-10
4.04354e-10
3.87544e-10
7.12073e-12
7.23119e-12
3.93774e-10
4.11402e-10
4.19015e-10
4.22742e-10
4.24519e-10
4.253e-10
4.25579e-10
4.25579e-10
4.253e-10
4.24519e-10
4.22742e-10
4.19015e-10
4.11402e-10
3.93774e-10
7.23119e-12
7.28129e-12
3.96678e-10
4.14775e-10
4.22742e-10
4.26705e-10
4.28629e-10
4.29493e-10
4.29811e-10
4.29811e-10
4.29493e-10
4.28629e-10
4.26705e-10
4.22742e-10
4.14775e-10
3.96678e-10
7.28129e-12
7.30222e-12
3.97974e-10
4.16341e-10
4.24519e-10
4.28629e-10
4.30648e-10
4.31566e-10
4.31907e-10
4.31907e-10
4.31566e-10
4.30648e-10
4.28629e-10
4.24519e-10
4.16341e-10
3.97974e-10
7.30222e-12
7.3095e-12
3.98492e-10
4.17006e-10
4.253e-10
4.29493e-10
4.31566e-10
4.32516e-10
4.32871e-10
4.32871e-10
4.32516e-10
4.31566e-10
4.29493e-10
4.253e-10
4.17006e-10
3.98492e-10
7.3095e-12
7.31129e-12
3.98655e-10
4.17234e-10
4.25579e-10
4.29811e-10
4.31907e-10
4.32871e-10
4.33233e-10
4.33233e-10
4.32871e-10
4.31907e-10
4.29811e-10
4.25579e-10
4.17234e-10
3.98655e-10
7.31129e-12
7.31129e-12
3.98655e-10
4.17234e-10
4.25579e-10
4.29811e-10
4.31907e-10
4.32871e-10
4.33233e-10
4.33233e-10
4.32871e-10
4.31907e-10
4.29811e-10
4.25579e-10
4.17234e-10
3.98655e-10
7.31129e-12
7.3095e-12
3.98492e-10
4.17006e-10
4.253e-10
4.29493e-10
4.31566e-10
4.32516e-10
4.32871e-10
4.32871e-10
4.32516e-10
4.31566e-10
4.29493e-10
4.253e-10
4.17006e-10
3.98492e-10
7.3095e-12
7.30222e-12
3.97974e-10
4.16341e-10
4.24519e-10
4.28629e-10
4.30648e-10
4.31566e-10
4.31907e-10
4.31907e-10
4.31566e-10
4.30648e-10
4.28629e-10
4.24519e-10
4.16341e-10
3.97974e-10
7.30222e-12
7.28129e-12
3.96678e-10
4.14775e-10
4.22742e-10
4.26705e-10
4.28629e-10
4.29493e-10
4.29811e-10
4.29811e-10
4.29493e-10
4.28629e-10
4.26705e-10
4.22742e-10
4.14775e-10
3.96678e-10
7.28129e-12
7.23119e-12
3.93774e-10
4.11402e-10
4.19015e-10
4.22742e-10
4.24519e-10
4.253e-10
4.25579e-10
4.25579e-10
4.253e-10
4.24519e-10
4.22742e-10
4.19015e-10
4.11402e-10
3.93774e-10
7.23119e-12
7.12073e-12
3.87544e-10
4.04354e-10
4.11402e-10
4.14775e-10
4.16341e-10
4.17006e-10
4.17234e-10
4.17234e-10
4.17006e-10
4.16341e-10
4.14775e-10
4.11402e-10
4.04354e-10
3.87544e-10
7.12073e-12
6.84714e-12
3.72159e-10
3.87544e-10
3.93774e-10
3.96678e-10
3.97974e-10
3.98492e-10
3.98655e-10
3.98655e-10
3.98492e-10
3.97974e-10
3.96678e-10
3.93774e-10
3.87544e-10
3.72159e-10
6.84714e-12
6.08126e-12
6.84714e-12
7.12073e-12
7.23119e-12
7.28129e-12
7.30222e-12
7.3095e-12
7.31129e-12
7.31129e-12
7.3095e-12
7.30222e-12
7.28129e-12
7.23119e-12
7.12073e-12
6.84714e-12
6.08126e-12
4.67167e-12
5.26002e-12
5.4702e-12
5.55505e-12
5.59353e-12
5.60962e-12
5.61521e-12
5.61658e-12
5.61658e-12
5.61521e-12
5.60962e-12
5.59353e-12
5.55505e-12
5.4702e-12
5.26002e-12
4.67167e-12
5.26002e-12
2.92163e-10
3.0424e-10
3.09132e-10
3.11412e-10
3.12429e-10
3.12835e-10
3.12964e-10
3.12964e-10
3.12835e-10
3.12429e-10
3.11412e-10
3.09132e-10
3.0424e-10
2.92163e-10
5.26002e-12
5.4702e-12
3.0424e-10
3.17438e-10
3.22971e-10
3.25619e-10
3.26848e-10
3.2737e-10
3.2755e-10
3.2755e-10
3.2737e-10
3.26848e-10
3.25619e-10
3.22971e-10
3.17438e-10
3.0424e-10
5.4702e-12
5.55505e-12
3.09132e-10
3.22971e-10
3.28947e-10
3.31873e-10
3.33268e-10
3.33881e-10
3.34101e-10
3.34101e-10
3.33881e-10
3.33268e-10
3.31873e-10
3.28947e-10
3.22971e-10
3.09132e-10
5.55505e-12
5.59353e-12
3.11412e-10
3.25619e-10
3.31873e-10
3.34985e-10
3.36495e-10
3.37173e-10
3.37422e-10
3.37422e-10
3.37173e-10
3.36495e-10
3.34985e-10
3.31873e-10
3.25619e-10
3.11412e-10
5.59353e-12
5.60962e-12
3.12429e-10
3.26848e-10
3.33268e-10
3.36495e-10
3.38079e-10
3.388e-10
3.39068e-10
3.39068e-10
3.388e-10
3.38079e-10
3.36495e-10
3.33268e-10
3.26848e-10
3.12429e-10
5.60962e-12
5.61521e-12
3.12835e-10
3.2737e-10
3.33881e-10
3.37173e-10
3.388e-10
3.39545e-10
3.39824e-10
3.39824e-10
3.39545e-10
3.388e-10
3.37173e-10
3.33881e-10
3.2737e-10
3.12835e-10
5.61521e-12
5.61658e-12
3.12964e-10
3.2755e-10
3.34101e-10
3.37422e-10
3.39068e-10
3.39824e-10
3.40109e-10
3.40109e-10
3.39824e-10
3.39068e-10
3.37422e-10
3.34101e-10
3.2755e-10
3.12964e-10
5.61658e-12
5.61658e-12
3.12964e-10
3.2755e-10
3.34101e-10
3.37422e-10
3.39068e-10
3.39824e-10
3.40109e-10
3.40109e-10
3.39824e-10
3.39068e-10
3.37422e-10
3.34101e-10
3.2755e-10
3.12964e-10
5.61658e-12
5.61521e-12
3.12835e-10
3.2737e-10
3.33881e-10
3.37173e-10
3.388e-10
3.39545e-10
3.39824e-10
3.39824e-10
3.39545e-10
3.388e-10
3.37173e-10
3.33881e-10
3.2737e-10
3.12835e-10
5.61521e-12
5.60962e-12
3.12429e-10
3.26848e-10
3.33268e-10
3.36495e-10
3.38079e-10
3.388e-10
3.39068e-10
3.39068e-10
3.388e-10
3.38079e-10
3.36495e-10
3.33268e-10
3.26848e-10
3.12429e-10
5.60962e-12
5.59353e-12
3.11412e-10
3.25619e-10
3.31873e-10
3.34985e-10
3.36495e-10
3.37173e-10
3.37422e-10
3.37422e-10
3.37173e-10
3.36495e-10
3.34985e-10
3.31873e-10
3.25619e-10
3.11412e-10
5.59353e-12
5.55505e-12
3.09132e-10
3.22971e-10
3.28947e-10
3.31873e-10
3.33268e-10
3.33881e-10
3.34101e-10
3.34101e-10
3.33881e-10
3.33268e-10
3.31873e-10
3.28947e-10
3.22971e-10
3.09132e-10
5.55505e-12
5.4702e-12
3.0424e-10
3.17438e-10
3.22971e-10
3.25619e-10
3.26848e-10
3.2737e-10
3.2755e-10
3.2755e-10
3.2737e-10
3.26848e-10
3.25619e-10
3.22971e-10
3.17438e-10
3.0424e-10
5.4702e-12
5.26002e-12
2.92163e-10
3.0424e-10
3.09132e-10
3.11412e-10
3.12429e-10
3.12835e-10
3.12964e-10
3.12964e-10
3.12835e-10
3.12429e-10
3.11412e-10
3.09132e-10
3.0424e-10
2.92163e-10
5.26002e-12
4.67167e-12
5.26002e-12
5.4702e-12
5.55505e-12
5.59353e-12
5.60962e-12
5.61521e-12
5.61658e-12
5.61658e-12
5.61521e-12
5.60962e-12
5.59353e-12
5.55505e-12
5.4702e-12
5.26002e-12
4.67167e-12
2.72648e-12
3.06985e-12
3.19251e-12
3.24204e-12
3.26449e-12
3.27388e-12
3.27714e-12
3.27795e-12
3.27795e-12
3.27714e-12
3.27388e-12
3.26449e-12
3.24204e-12
3.19251e-12
3.06985e-12
2.72648e-12
3.06985e-12
1.51625e-10
1.57893e-10
1.60432e-10
1.61615e-10
1.62143e-10
1.62354e-10
1.6242e-10
1.6242e-10
1.62354e-10
1.62143e-10
1.61615e-10
1.60432e-10
1.57893e-10
1.51625e-10
3.06985e-12
3.19251e-12
1.57893e-10
1.64742e-10
1.67614e-10
1.68988e-10
1.69626e-10
1.69897e-10
1.6999e-10
1.6999e-10
1.69897e-10
1.69626e-10
1.68988e-10
1.67614e-10
1.64742e-10
1.57893e-10
3.19251e-12
3.24204e-12
1.60432e-10
1.67614e-10
1.70715e-10
1.72234e-10
1.72958e-10
1.73276e-10
1.7339e-10
1.7339e-10
1.73276e-10
1.72958e-10
1.72234e-10
1.70715e-10
1.67614e-10
1.60432e-10
3.24204e-12
3.26449e-12
1.61615e-10
1.68988e-10
1.72234e-10
1.73849e-10
1.74633e-10
1.74984e-10
1.75114e-10
1.75114e-10
1.74984e-10
1.74633e-10
1.73849e-10
1.72234e-10
1.68988e-10
1.61615e-10
3.26449e-12
3.27388e-12
1.62143e-10
1.69626e-10
1.72958e-10
1.74633e-10
1.75455e-10
1.75829e-10
1.75968e-10
1.75968e-10
1.75829e-10
1.75455e-10
1.74633e-10
1.72958e-10
1.69626e-10
1.62143e-10
3.27388e-12
3.27714e-12
1.62354e-10
1.69897e-10
1.73276e-10
1.74984e-10
1.75829e-10
1.76216e-10
1.7636e-10
1.7636e-10
1.76216e-10
1.75829e-10
1.74984e-10
1.73276e-10
1.69897e-10
1.62354e-10
3.27714e-12
3.27795e-12
1.6242e-10
1.6999e-10
1.7339e-10
1.75114e-10
1.75968e-10
1.7636e-10
1.76508e-10
1.76508e-10
1.7636e-10
1.75968e-10
1.75114e-10
1.7339e-10
1.6999e-10
1.6242e-10
3.27795e-12
3.27795e-12
1.6242e-10
1.6999e-10
1.7339e-10
1.75114e-10
1.75968e-10
1.7636e-10
1.76508e-10
1.76508e-10
1.7636e-10
1.75968e-10
1.75114e-10
1.7339e-10
1.6999e-10
1.6242e-10
3.27795e-12
3.27714e-12
1.62354e-10
1.69897e-10
1.73276e-10
1.74984e-10
1.75829e-10
1.76216e-10
1.7636e-10
1.7636e-10
1.76216e-10
1.75829e-10
1.74984e-10
1.73276e-10
1.69897e-10
1.62354e-10
3.27714e-12
3.27388e-12
1.62143e-10
1.69626e-10
1.72958e-10
1.74633e-10
1.75455e-10
1.75829e-10
1.75968e-10
1.75968e-10
1.75829e-10
1.75455e-10
1.74633e-10
1.72958e-10
1.69626e-10
1.62143e-10
3.27388e-12
3.26449e-12
1.61615e-10
1.68988e-10
1.72234e-10
1.73849e-10
1.74633e-10
1.74984e-10
1.75114e-10
1.75114e-10
1.74984e-10
1.74633e-10
1.73849e-10
1.72234e-10
1.68988e-10
1.61615e-10
3.26449e-12
3.24204e-12
1.60432e-10
1.67614e-10
1.70715e-10
1.72234e-10
1.72958e-10
1.73276e-10
1.7339e-10
1.7339e-10
1.73276e-10
1.72958e-10
1.72234e-10
1.70715e-10
1.67614e-10
1.60432e-10
3.24204e-12
3.19251e-12
1.57893e-10
1.64742e-10
1.67614e-10
1.68988e-10
1.69626e-10
1.69897e-10
1.6999e-10
1.6999e-10
1.69897e-10
1.69626e-10
1.68988e-10
1.67614e-10
1.64742e-10
1.57893e-10
3.19251e-12
3.06985e-12
1.51625e-10
1.57893e-10
1.60432e-10
1.61615e-10
1.62143e-10
1.62354e-10
1.6242e-10
1.6242e-10
1.62354e-10
1.62143e-10
1.61615e-10
1.60432e-10
1.57893e-10
1.51625e-10
3.06985e-12
2.72648e-12
3.06985e-12
3.19251e-12
3.24204e-12
3.26449e-12
3.27388e-12
3.27714e-12
3.27795e-12
3.27795e-12
3.27714e-12
3.27388e-12
3.26449e-12
3.24204e-12
3.19251e-12
3.06985e-12
2.72648e-12
1.7923e-13
2.01803e-13
2.09866e-13
2.13122e-13
2.14598e-13
2.15215e-13
2.1543e-13
2.15482e-13
2.15482e-13
2.1543e-13
2.15215e-13
2.14598e-13
2.13122e-13
2.09866e-13
2.01803e-13
1.7923e-13
2.01803e-13
3.5744e-13
4.15557e-13
4.52665e-13
4.76266e-13
4.91331e-13
5.00215e-13
5.04322e-13
5.04322e-13
5.00212e-13
4.91329e-13
4.76266e-13
4.52662e-13
4.15559e-13
3.5744e-13
2.01803e-13
2.09866e-13
4.15558e-13
4.89781e-13
5.3632e-13
5.65489e-13
5.83967e-13
5.94822e-13
5.99834e-13
5.99834e-13
5.94822e-13
5.83966e-13
5.65489e-13
5.36321e-13
4.89782e-13
4.15556e-13
2.09866e-13
2.13122e-13
4.52663e-13
5.3632e-13
5.89456e-13
6.23033e-13
6.44375e-13
6.56947e-13
6.62762e-13
6.62761e-13
6.56947e-13
6.44376e-13
6.23032e-13
5.89455e-13
5.3632e-13
4.52664e-13
2.13122e-13
2.14598e-13
4.76266e-13
5.65488e-13
6.23034e-13
6.59833e-13
6.83388e-13
6.97324e-13
7.03787e-13
7.03787e-13
6.97324e-13
6.83387e-13
6.59834e-13
6.23033e-13
5.65489e-13
4.76266e-13
2.14598e-13
2.15215e-13
4.91329e-13
5.83966e-13
6.44375e-13
6.83388e-13
7.08511e-13
7.23441e-13
7.30384e-13
7.30384e-13
7.23441e-13
7.08511e-13
6.83388e-13
6.44376e-13
5.83965e-13
4.91329e-13
2.15215e-13
2.1543e-13
5.00213e-13
5.94821e-13
6.56946e-13
6.97324e-13
7.23441e-13
7.39011e-13
7.46265e-13
7.46265e-13
7.39011e-13
7.23441e-13
6.97324e-13
6.56948e-13
5.94821e-13
5.00215e-13
2.1543e-13
2.15482e-13
5.04322e-13
5.99835e-13
6.62762e-13
7.03787e-13
7.30383e-13
7.46265e-13
7.53672e-13
7.53672e-13
7.46265e-13
7.30383e-13
7.03788e-13
6.62761e-13
5.99835e-13
5.04324e-13
2.15482e-13
2.15482e-13
5.04323e-13
5.99835e-13
6.62762e-13
7.03788e-13
7.30383e-13
7.46265e-13
7.53672e-13
7.53672e-13
7.46265e-13
7.30384e-13
7.03788e-13
6.62762e-13
5.99836e-13
5.04322e-13
2.15482e-13
2.1543e-13
5.00215e-13
5.94821e-13
6.56947e-13
6.97324e-13
7.23441e-13
7.39011e-13
7.46265e-13
7.46265e-13
7.39011e-13
7.23441e-13
6.97324e-13
6.56947e-13
5.94821e-13
5.00213e-13
2.1543e-13
2.15215e-13
4.91331e-13
5.83965e-13
6.44377e-13
6.83388e-13
7.08511e-13
7.23441e-13
7.30383e-13
7.30384e-13
7.23441e-13
7.08511e-13
6.83388e-13
6.44375e-13
5.83965e-13
4.91326e-13
2.15215e-13
2.14598e-13
4.76267e-13
5.65489e-13
6.23032e-13
6.59835e-13
6.83388e-13
6.97325e-13
7.03787e-13
7.03787e-13
6.97324e-13
6.83388e-13
6.59835e-13
6.23032e-13
5.65487e-13
4.76263e-13
2.14598e-13
2.13122e-13
4.52666e-13
5.3632e-13
5.89457e-13
6.23031e-13
6.44376e-13
6.56947e-13
6.62761e-13
6.62762e-13
6.56948e-13
6.44376e-13
6.23032e-13
5.89457e-13
5.3632e-13
4.52662e-13
2.13122e-13
2.09866e-13
4.15559e-13
4.89783e-13
5.3632e-13
5.65487e-13
5.83966e-13
5.94823e-13
5.99836e-13
5.99834e-13
5.9482e-13
5.83966e-13
5.65489e-13
5.3632e-13
4.89781e-13
4.15559e-13
2.09866e-13
2.01803e-13
3.57439e-13
4.15559e-13
4.52662e-13
4.76265e-13
4.91329e-13
5.00215e-13
5.04321e-13
5.04323e-13
5.00213e-13
4.91329e-13
4.76267e-13
4.52663e-13
4.15558e-13
3.57437e-13
2.01803e-13
1.7923e-13
2.01803e-13
2.09866e-13
2.13122e-13
2.14598e-13
2.15215e-13
2.1543e-13
2.15482e-13
2.15482e-13
2.1543e-13
2.15215e-13
2.14598e-13
2.13122e-13
2.09866e-13
2.01803e-13
1.7923e-13
